0 0.15264423076923078 0.4254807692307692 0.07692307692307693 0.1484375
0 0.24879807692307693 0.48677884615384615 0.09375 0.11057692307692307
0 0.41586538461538464 0.5012019230769231 0.06760817307692307 0.09885817307692307
0 0.4014423076923077 0.39302884615384615 0.038161057692307696 0.12740384615384615
0 0.5132211538461539 0.6778846153846154 0.09885817307692307 0.1778846153846154
0 0.6346153846153846 0.8100961538461539 0.125 0.19771634615384615
0 0.6959134615384616 0.8978365384615384 0.07932692307692307 0.18269230769230768
0 0.7884615384615384 0.9026442307692307 0.08653846153846154 0.1658653846153846
0 0.9146634615384616 0.9170673076923077 0.055588942307692304 0.1463341346153846
0 0.7920673076923077 0.5108173076923077 0.06009615384615385 0.08653846153846154
0 0.8521634615384616 0.5889423076923077 0.07962740384615384 0.09164663461538461
0 0.6358173076923077 0.9651442307692307 0.0625 0.05048076923076923
0 0.33653846153846156 0.3798076923076923 0.04837740384615385 0.12439903846153846