0 0.12139423076923077 0.7439903846153846 0.23798076923076922 0.2959735576923077
0 0.12740384615384615 0.5264423076923077 0.2548076923076923 0.1974158653846154
0 0.21875 0.3641826923076923 0.11057692307692307 0.12229567307692307
0 0.11057692307692307 0.35336538461538464 0.13431490384615385 0.16346153846153846
0 0.12980769230769232 0.21875 0.12469951923076923 0.14393028846153846
0 0.25841346153846156 0.11778846153846154 0.08864182692307693 0.09585336538461539
0 0.3581730769230769 0.2848557692307692 0.10997596153846154 0.12770432692307693
0 0.4423076923076923 0.3076923076923077 0.048677884615384616 0.0772235576923077
0 0.4723557692307692 0.40024038461538464 0.0985576923076923 0.15144230769230768
0 0.3605769230769231 0.4675480769230769 0.12980769230769232 0.16105769230769232
0 0.4699519230769231 0.6057692307692307 0.08443509615384616 0.14423076923076922
0 0.5444711538461539 0.5997596153846154 0.08383413461538461 0.1658653846153846
0 0.6201923076923077 0.6430288461538461 0.08623798076923077 0.14693509615384615
0 0.6911057692307693 0.6454326923076923 0.10336538461538461 0.16826923076923078
0 0.7403846153846154 0.7896634615384616 0.1583533653846154 0.23317307692307693
0 0.8870192307692307 0.890625 0.2169471153846154 0.21424278846153846
0 0.4483173076923077 0.8605769230769231 0.20432692307692307 0.26893028846153844
0 0.4987980769230769 0.08774038461538461 0.06460336538461539 0.06490384615384616
0 0.6875 0.07932692307692307 0.05829326923076923 0.07271634615384616
0 0.7668269230769231 0.16826923076923078 0.0625 0.0868389423076923
0 0.8425480769230769 0.13221153846153846 0.0673076923076923 0.0868389423076923
0 0.9603365384615384 0.12620192307692307 0.07692307692307693 0.10576923076923077
0 0.9483173076923077 0.28966346153846156 0.10096153846153846 0.10096153846153846
0 0.7355769230769231 0.4411057692307692 0.08173076923076923 0.12980769230769232
0 0.8149038461538461 0.4206730769230769 0.11117788461538461 0.14002403846153846
0 0.7752403846153846 0.3245192307692308 0.11538461538461539 0.09645432692307693
0 0.9002403846153846 0.38822115384615385 0.07962740384615384 0.09825721153846154
0 0.9362980769230769 0.5829326923076923 0.1271033653846154 0.21153846153846154
0 0.5961538461538461 0.34375 0.0859375 0.11087740384615384
0 0.49278846153846156 0.23076923076923078 0.0907451923076923 0.09615384615384616
0 0.40625 0.22596153846153846 0.0772235576923077 0.07692307692307693
0 0.3125 0.22115384615384615 0.11538461538461539 0.08203125
0 0.24278846153846154 0.046875 0.05739182692307692 0.05498798076923077
0 0.6418269230769231 0.18990384615384615 0.09164663461538461 0.09134615384615384
0 0.6947115384615384 0.15264423076923078 0.07181490384615384 0.07001201923076923
0 0.9711538461538461 0.36899038461538464 0.052884615384615384 0.08383413461538461