0 0.07211538461538461 0.6875 0.10096153846153846 0.2166466346153846
0 0.07932692307692307 0.8305288461538461 0.0907451923076923 0.13671875
0 0.0625 0.18028846153846154 0.07181490384615384 0.11508413461538461
0 0.09615384615384616 0.055288461538461536 0.05829326923076923 0.10096153846153846
0 0.27403846153846156 0.030048076923076924 0.13431490384615385 0.057692307692307696
0 0.5829326923076923 0.06971153846153846 0.18509615384615385 0.13431490384615385
0 0.8870192307692307 0.8125 0.07241586538461539 0.12560096153846154
0 0.8088942307692307 0.8557692307692307 0.08924278846153846 0.1102764423076923
0 0.3161057692307692 0.3641826923076923 0.17037259615384615 0.18058894230769232
0 0.23918269230769232 0.5276442307692307 0.18509615384615385 0.36268028846153844
0 0.4387019230769231 0.5372596153846154 0.25 0.36778846153846156
0 0.5877403846153846 0.40384615384615385 0.2809495192307692 0.36087740384615385
0 0.7235576923076923 0.5733173076923077 0.1974158653846154 0.3200120192307692
0 0.8293269230769231 0.4182692307692308 0.13010817307692307 0.2737379807692308