0 0.29086538461538464 0.36658653846153844 0.11959134615384616 0.16346153846153846
0 0.32572115384615385 0.27403846153846156 0.11298076923076923 0.14423076923076922
0 0.3918269230769231 0.234375 0.11538461538461539 0.17037259615384615
0 0.49759615384615385 0.29927884615384615 0.11959134615384616 0.17548076923076922
0 0.5637019230769231 0.4639423076923077 0.09375 0.16796875
0 0.47716346153846156 0.4110576923076923 0.0985576923076923 0.14423076923076922
0 0.40024038461538464 0.38461538461538464 0.1084735576923077 0.11568509615384616
0 0.3894230769230769 0.47836538461538464 0.11087740384615384 0.14423076923076922
0 0.328125 0.5348557692307693 0.11328125 0.20432692307692307
0 0.4795673076923077 0.5588942307692307 0.08443509615384616 0.17037259615384615
0 0.39783653846153844 0.6622596153846154 0.15144230769230768 0.24308894230769232
0 0.39663461538461536 0.796875 0.12469951923076923 0.09405048076923077
0 0.4699519230769231 0.7331730769230769 0.10366586538461539 0.1875
0 0.5348557692307693 0.734375 0.12289663461538461 0.21634615384615385
0 0.49278846153846156 0.8100961538461539 0.13010817307692307 0.07151442307692307