0 0.12259615384615384 0.39302884615384615 0.22566105769230768 0.22596153846153846
0 0.22596153846153846 0.18870192307692307 0.20222355769230768 0.10096153846153846
0 0.23317307692307693 0.2932692307692308 0.17728365384615385 0.13972355769230768
0 0.41346153846153844 0.03485576923076923 0.13521634615384615 0.052884615384615384
0 0.5456730769230769 0.3605769230769231 0.24519230769230768 0.15384615384615385
0 0.6983173076923077 0.49038461538461536 0.23828125 0.23527644230769232
0 0.8305288461538461 0.37259615384615385 0.18479567307692307 0.11087740384615384
0 0.7151442307692307 0.7608173076923077 0.33383413461538464 0.34615384615384615
0 0.5132211538461539 0.5697115384615384 0.19020432692307693 0.18239182692307693
0 0.36899038461538464 0.5276442307692307 0.14903846153846154 0.14903846153846154
0 0.3389423076923077 0.765625 0.24549278846153846 0.21424278846153846
0 0.4543269230769231 0.25240384615384615 0.19260817307692307 0.14002403846153846