0 0.359375 0.04326923076923077 0.12259615384615384 0.0625
0 0.23798076923076922 0.03125 0.10576923076923077 0.04296875
0 0.10336538461538461 0.04447115384615385 0.1778846153846154 0.06490384615384616
0 0.11177884615384616 0.16346153846153846 0.18990384615384615 0.25
0 0.22355769230769232 0.16105769230769232 0.20222355769230768 0.21634615384615385
0 0.5228365384615384 0.17067307692307693 0.08924278846153846 0.23076923076923078
0 0.43509615384615385 0.15504807692307693 0.21153846153846154 0.27133413461538464
0 0.828125 0.15264423076923078 0.13221153846153846 0.17518028846153846
0 0.8930288461538461 0.25 0.15114182692307693 0.1778846153846154
0 0.8509615384615384 0.4495192307692308 0.1541466346153846 0.18239182692307693
0 0.6298076923076923 0.6418269230769231 0.24939903846153846 0.14963942307692307
0 0.6550480769230769 0.7415865384615384 0.15174278846153846 0.06460336538461539
0 0.7427884615384616 0.6658653846153846 0.20733173076923078 0.17848557692307693
0 0.8161057692307693 0.6177884615384616 0.13191105769230768 0.1015625
0 0.23197115384615385 0.4579326923076923 0.4230769230769231 0.29086538461538464
0 0.24278846153846154 0.7992788461538461 0.4465144230769231 0.3317307692307692