0 0.14543269230769232 0.12139423076923077 0.23768028846153846 0.20402644230769232
0 0.4326923076923077 0.125 0.23046875 0.21604567307692307
0 0.7271634615384616 0.12620192307692307 0.27884615384615385 0.2283653846153846
0 0.10096153846153846 0.3581730769230769 0.1583533653846154 0.21153846153846154
0 0.3798076923076923 0.4170673076923077 0.2686298076923077 0.2809495192307692
0 0.7415865384615384 0.46033653846153844 0.31490384615384615 0.2959735576923077
0 0.17067307692307693 0.7247596153846154 0.14393028846153846 0.11268028846153846
0 0.5697115384615384 0.7463942307692307 0.0907451923076923 0.13731971153846154
0 0.484375 0.8257211538461539 0.13221153846153846 0.17037259615384615
0 0.38461538461538464 0.7415865384615384 0.20222355769230768 0.19981971153846154
0 0.27283653846153844 0.8064903846153846 0.18269230769230768 0.19230769230769232
0 0.12980769230769232 0.8100961538461539 0.13401442307692307 0.19260817307692307