0 0.1658653846153846 0.1502403846153846 0.2977764423076923 0.24278846153846154
0 0.5120192307692307 0.14423076923076922 0.25961538461538464 0.2403846153846154
0 0.1045673076923077 0.3641826923076923 0.10096153846153846 0.06971153846153846
0 0.17668269230769232 0.42908653846153844 0.10576923076923077 0.06520432692307693
0 0.2608173076923077 0.5264423076923077 0.08864182692307693 0.08203125
0 0.17668269230769232 0.6634615384615384 0.1271033653846154 0.047776442307692304
0 0.24278846153846154 0.6189903846153846 0.09194711538461539 0.10306490384615384
0 0.32572115384615385 0.6310096153846154 0.11298076923076923 0.11778846153846154
0 0.17668269230769232 0.5865384615384616 0.14693509615384615 0.13972355769230768
0 0.10697115384615384 0.5192307692307693 0.11778846153846154 0.12439903846153846
0 0.16105769230769232 0.46875 0.11117788461538461 0.09194711538461539
0 0.07451923076923077 0.421875 0.12049278846153846 0.09615384615384616
0 0.18028846153846154 0.35096153846153844 0.10997596153846154 0.10096153846153846
0 0.25600961538461536 0.44350961538461536 0.08413461538461539 0.08173076923076923
0 0.3401442307692308 0.47716346153846156 0.10096153846153846 0.09375
0 0.2776442307692308 0.375 0.12289663461538461 0.09645432692307693
0 0.609375 0.453125 0.29537259615384615 0.2569110576923077
0 0.6442307692307693 0.8293269230769231 0.15354567307692307 0.23106971153846154
0 0.5709134615384616 0.671875 0.21905048076923078 0.1201923076923077
0 0.5288461538461539 0.8100961538461539 0.17277644230769232 0.23587740384615385
0 0.0985576923076923 0.7728365384615384 0.14963942307692307 0.1463341346153846
0 0.23918269230769232 0.7704326923076923 0.2088341346153846 0.13701923076923078
0 0.17668269230769232 0.8545673076923077 0.30018028846153844 0.27884615384615385