0 0.0733173076923077 0.14783653846153846 0.10817307692307693 0.23347355769230768
0 0.21875 0.18028846153846154 0.04807692307692308 0.11959134615384616
0 0.3076923076923077 0.1658653846153846 0.047776442307692304 0.07271634615384616
0 0.2824519230769231 0.21634615384615385 0.08413461538461539 0.06219951923076923
0 0.41346153846153844 0.2127403846153846 0.06670673076923077 0.07211538461538461
0 0.4735576923076923 0.203125 0.05228365384615385 0.0889423076923077
0 0.4362980769230769 0.13701923076923078 0.055588942307692304 0.08233173076923077
0 0.328125 0.2512019230769231 0.07421875 0.026442307692307692
0 0.6682692307692307 0.23557692307692307 0.12980769230769232 0.11538461538461539
0 0.9086538461538461 0.13822115384615385 0.08653846153846154 0.15655048076923078
0 0.7331730769230769 0.46033653846153844 0.0868389423076923 0.12229567307692307
0 0.8112980769230769 0.4495192307692308 0.09615384615384616 0.14002403846153846
0 0.9242788461538461 0.5168269230769231 0.0985576923076923 0.15354567307692307
0 0.7391826923076923 0.796875 0.17067307692307693 0.13221153846153846
0 0.4675480769230769 0.9278846153846154 0.09375 0.0868389423076923
0 0.44471153846153844 0.7355769230769231 0.09645432692307693 0.08143028846153846
0 0.5552884615384616 0.6754807692307693 0.052584134615384616 0.034254807692307696
0 0.5180288461538461 0.71875 0.06009615384615385 0.07181490384615384
0 0.5769230769230769 0.7536057692307693 0.11538461538461539 0.1346153846153846
0 0.47716346153846156 0.7884615384615384 0.1466346153846154 0.057992788461538464
0 0.4579326923076923 0.8461538461538461 0.14423076923076922 0.0868389423076923
0 0.28365384615384615 0.828125 0.16316105769230768 0.25210336538461536
0 0.09014423076923077 0.8221153846153846 0.1271033653846154 0.1971153846153846
0 0.125 0.5144230769230769 0.07241586538461539 0.10096153846153846
0 0.3425480769230769 0.5060096153846154 0.13942307692307693 0.23557692307692307
0 0.5877403846153846 0.4206730769230769 0.08653846153846154 0.09164663461538461
0 0.5420673076923077 0.38100961538461536 0.07481971153846154 0.055288461538461536
0 0.5096153846153846 0.44471153846153844 0.0859375 0.08653846153846154
0 0.5396634615384616 0.515625 0.13671875 0.15594951923076922