0 0.08052884615384616 0.1502403846153846 0.11778846153846154 0.22385817307692307
0 0.33653846153846156 0.13822115384615385 0.29867788461538464 0.19921875
0 0.578125 0.10336538461538461 0.052884615384615384 0.043569711538461536
0 0.6358173076923077 0.16706730769230768 0.12289663461538461 0.12770432692307693
0 0.8822115384615384 0.1346153846153846 0.11117788461538461 0.2208533653846154
0 0.9362980769230769 0.4230769230769231 0.09825721153846154 0.15865384615384615
0 0.8293269230769231 0.4675480769230769 0.12469951923076923 0.24308894230769232
0 0.6670673076923077 0.47475961538461536 0.09375 0.20673076923076922
0 0.4387019230769231 0.48677884615384615 0.2620192307692308 0.14903846153846154
0 0.21634615384615385 0.5108173076923077 0.08623798076923077 0.09134615384615384
0 0.11538461538461539 0.5012019230769231 0.07662259615384616 0.0790264423076923
0 0.06370192307692307 0.4699519230769231 0.05048076923076923 0.055288461538461536
0 0.09134615384615384 0.8473557692307693 0.09164663461538461 0.24519230769230768
0 0.23798076923076922 0.7283653846153846 0.06700721153846154 0.038461538461538464
0 0.29447115384615385 0.8233173076923077 0.16346153846153846 0.17097355769230768
0 0.5120192307692307 0.8028846153846154 0.13010817307692307 0.21634615384615385
0 0.7043269230769231 0.8317307692307693 0.16856971153846154 0.2590144230769231
0 0.8942307692307693 0.8449519230769231 0.12950721153846154 0.2091346153846154