0 0.09495192307692307 0.17067307692307693 0.1201923076923077 0.20703125
0 0.40024038461538464 0.18990384615384615 0.12229567307692307 0.10576923076923077
0 0.3016826923076923 0.1141826923076923 0.12770432692307693 0.07211538461538461
0 0.578125 0.15384615384615385 0.09375 0.12469951923076923
0 0.6045673076923077 0.08413461538461539 0.060396634615384616 0.08203125
0 0.7199519230769231 0.08173076923076923 0.0625 0.09164663461538461
0 0.8521634615384616 0.0625 0.04326923076923077 0.052884615384615384
0 0.7475961538461539 0.1875 0.11057692307692307 0.16376201923076922
0 0.9038461538461539 0.09615384615384616 0.05709134615384615 0.0625
0 0.8605769230769231 0.15865384615384615 0.0967548076923077 0.11568509615384616
0 0.9134615384615384 0.2127403846153846 0.10546875 0.16105769230769232
0 0.8822115384615384 0.5060096153846154 0.09194711538461539 0.15865384615384615
0 0.6838942307692307 0.5060096153846154 0.1466346153846154 0.2569110576923077
0 0.5264423076923077 0.5096153846153846 0.08653846153846154 0.24939903846153846
0 0.5228365384615384 0.7944711538461539 0.1271033653846154 0.20673076923076922
0 0.6310096153846154 0.8605769230769231 0.11328125 0.20673076923076922
0 0.8197115384615384 0.828125 0.12950721153846154 0.21153846153846154
0 0.3786057692307692 0.7980769230769231 0.04807692307692308 0.052584134615384616
0 0.33653846153846156 0.8329326923076923 0.048677884615384616 0.055588942307692304
0 0.3269230769230769 0.7872596153846154 0.04296875 0.060396634615384616
0 0.27163461538461536 0.7896634615384616 0.061899038461538464 0.052884615384615384
0 0.2704326923076923 0.8713942307692307 0.08413461538461539 0.1084735576923077
0 0.09014423076923077 0.8401442307692307 0.1346153846153846 0.16105769230769232
0 0.11057692307692307 0.47596153846153844 0.1544471153846154 0.18239182692307693
0 0.32572115384615385 0.49759615384615385 0.11778846153846154 0.18719951923076922