0 0.1201923076923077 0.13701923076923078 0.21634615384615385 0.25931490384615385
0 0.36899038461538464 0.15865384615384615 0.1778846153846154 0.23076923076923078
0 0.6081730769230769 0.15504807692307693 0.17307692307692307 0.17067307692307693
0 0.890625 0.14543269230769232 0.14903846153846154 0.2668269230769231
0 0.8161057692307693 0.4699519230769231 0.1180889423076923 0.23287259615384615
0 0.5456730769230769 0.47596153846153844 0.15895432692307693 0.24969951923076922
0 0.3112980769230769 0.44471153846153844 0.15865384615384615 0.2737379807692308
0 0.10697115384615384 0.4362980769230769 0.10366586538461539 0.10787259615384616
0 0.10576923076923077 0.8161057692307693 0.17337740384615385 0.25240384615384615
0 0.30649038461538464 0.8197115384615384 0.15114182692307693 0.2400841346153846
0 0.5492788461538461 0.7956730769230769 0.13671875 0.25931490384615385
0 0.8341346153846154 0.8052884615384616 0.1484375 0.19681490384615385