0 0.051682692307692304 0.06490384615384616 0.0625 0.0907451923076923
0 0.1466346153846154 0.08533653846153846 0.057692307692307696 0.11778846153846154
0 0.23076923076923078 0.10096153846153846 0.07752403846153846 0.0868389423076923
0 0.3137019230769231 0.08774038461538461 0.0625 0.11057692307692307
0 0.39903846153846156 0.08413461538461539 0.06790865384615384 0.12469951923076923
0 0.054086538461538464 0.22596153846153846 0.07692307692307693 0.11478365384615384
0 0.13822115384615385 0.23076923076923078 0.06009615384615385 0.11598557692307693
0 0.22956730769230768 0.24158653846153846 0.08653846153846154 0.09134615384615384
0 0.2800480769230769 0.20432692307692307 0.03125 0.038461538461538464
0 0.2980769230769231 0.24759615384615385 0.0772235576923077 0.07271634615384616
0 0.3954326923076923 0.23076923076923078 0.08924278846153846 0.13521634615384615
0 0.05889423076923077 0.3786057692307692 0.09885817307692307 0.11057692307692307
0 0.1658653846153846 0.3870192307692308 0.07662259615384616 0.12079326923076923
0 0.27283653846153844 0.3870192307692308 0.09885817307692307 0.12469951923076923
0 0.3894230769230769 0.3786057692307692 0.057992788461538464 0.10336538461538461
0 0.546875 0.38100961538461536 0.07932692307692307 0.12229567307692307
0 0.04326923076923077 0.5552884615384616 0.047776442307692304 0.1006610576923077
0 0.140625 0.5829326923076923 0.026141826923076924 0.019230769230769232
0 0.21033653846153846 0.5528846153846154 0.02403846153846154 0.03365384615384615
0 0.22596153846153846 0.5829326923076923 0.019831730769230768 0.03365384615384615
0 0.19591346153846154 0.59375 0.03155048076923077 0.015024038461538462
0 0.15985576923076922 0.6033653846153846 0.036057692307692304 0.015024038461538462
0 0.15144230769230768 0.5685096153846154 0.0234375 0.035757211538461536
0 0.31490384615384615 0.5961538461538461 0.06219951923076923 0.047475961538461536
0 0.06610576923076923 0.7235576923076923 0.036057692307692304 0.04296875
0 0.16466346153846154 0.7223557692307693 0.0673076923076923 0.10366586538461539
0 0.2764423076923077 0.6826923076923077 0.04296875 0.03786057692307692
0 0.25600961538461536 0.6622596153846154 0.03155048076923077 0.02403846153846154
0 0.24158653846153846 0.6971153846153846 0.03635817307692308 0.047475961538461536
0 0.25961538461538464 0.7223557692307693 0.052584134615384616 0.07692307692307693
0 0.04927884615384615 0.8701923076923077 0.05498798076923077 0.09585336538461539
0 0.13701923076923078 0.8653846153846154 0.07211538461538461 0.1102764423076923
0 0.2127403846153846 0.8233173076923077 0.04567307692307692 0.036057692307692304
0 0.24639423076923078 0.8161057692307693 0.03125 0.03365384615384615
0 0.27403846153846156 0.8341346153846154 0.048677884615384616 0.06219951923076923
0 0.21634615384615385 0.8533653846153846 0.057692307692307696 0.024338942307692308
0 0.21754807692307693 0.8762019230769231 0.06490384615384616 0.035757211538461536
0 0.21875 0.9110576923076923 0.052584134615384616 0.04296875
0 0.34615384615384615 0.8533653846153846 0.07692307692307693 0.057992788461538464
0 0.34375 0.6995192307692307 0.034254807692307696 0.05348557692307692
0 0.37740384615384615 0.6947115384615384 0.04326923076923077 0.06310096153846154
0 0.43028846153846156 0.7295673076923077 0.043870192307692304 0.06971153846153846
0 0.4230769230769231 0.5600961538461539 0.038461538461538464 0.06760817307692307
0 0.5276442307692307 0.8509615384615384 0.06490384615384616 0.11989182692307693
0 0.6105769230769231 0.8401442307692307 0.057692307692307696 0.07211538461538461
0 0.6947115384615384 0.8545673076923077 0.05228365384615385 0.09825721153846154
0 0.7920673076923077 0.8569711538461539 0.10787259615384616 0.11298076923076923
0 0.9014423076923077 0.8509615384615384 0.052584134615384616 0.10516826923076923
0 0.8401442307692307 0.6947115384615384 0.040865384615384616 0.07211538461538461
0 0.734375 0.6983173076923077 0.1180889423076923 0.11328125
0 0.6286057692307693 0.6911057692307693 0.06490384615384616 0.10366586538461539
0 0.53125 0.7007211538461539 0.08233173076923077 0.10787259615384616
0 0.5204326923076923 0.5564903846153846 0.04326923076923077 0.06971153846153846
0 0.5673076923076923 0.5480769230769231 0.07632211538461539 0.1006610576923077
0 0.6538461538461539 0.5649038461538461 0.07211538461538461 0.11057692307692307
0 0.7403846153846154 0.5600961538461539 0.033353365384615384 0.061899038461538464
0 0.8245192307692307 0.5661057692307693 0.07151442307692307 0.1180889423076923
0 0.8990384615384616 0.5588942307692307 0.0390625 0.0790264423076923
0 0.6382211538461539 0.3918269230769231 0.055288461538461536 0.08233173076923077
0 0.7536057692307693 0.4026442307692308 0.0790264423076923 0.09885817307692307
0 0.9098557692307693 0.3713942307692308 0.04537259615384615 0.035757211538461536
0 0.8725961538461539 0.41225961538461536 0.0772235576923077 0.07421875
0 0.8978365384615384 0.29927884615384615 0.05048076923076923 0.02674278846153846
0 0.8990384615384616 0.2644230769230769 0.0390625 0.052584134615384616
0 0.9134615384615384 0.20192307692307693 0.033353365384615384 0.02403846153846154
0 0.8882211538461539 0.22235576923076922 0.05078125 0.028846153846153848
0 0.8377403846153846 0.2704326923076923 0.045973557692307696 0.06971153846153846
0 0.7680288461538461 0.23798076923076922 0.06520432692307693 0.11508413461538461
0 0.8834134615384616 0.052884615384615384 0.050180288461538464 0.038161057692307696
0 0.9110576923076923 0.10697115384615384 0.06280048076923077 0.10336538461538461
0 0.8161057692307693 0.10096153846153846 0.045973557692307696 0.052884615384615384
0 0.7367788461538461 0.09014423076923077 0.052884615384615384 0.09134615384615384
0 0.6670673076923077 0.23798076923076922 0.10096153846153846 0.14393028846153846
0 0.5588942307692307 0.09014423076923077 0.10787259615384616 0.11057692307692307
0 0.5516826923076923 0.22956730769230768 0.08413461538461539 0.1180889423076923