0 0.04326923076923077 0.08413461538461539 0.052884615384615384 0.1015625
0 0.15985576923076922 0.078125 0.1346153846153846 0.08653846153846154
0 0.2980769230769231 0.09254807692307693 0.057692307692307696 0.05979567307692308
0 0.40865384615384615 0.078125 0.048677884615384616 0.10096153846153846
0 0.06009615384615385 0.24278846153846154 0.03395432692307692 0.038461538461538464
0 0.10817307692307693 0.24759615384615385 0.038161057692307696 0.038461538461538464
0 0.05048076923076923 0.4014423076923077 0.043569711538461536 0.1102764423076923
0 0.14302884615384615 0.390625 0.07211538461538461 0.08383413461538461
0 0.20793269230769232 0.234375 0.11748798076923077 0.06460336538461539
0 0.3112980769230769 0.234375 0.04567307692307692 0.09134615384615384
0 0.2403846153846154 0.38221153846153844 0.052584134615384616 0.10036057692307693
0 0.33052884615384615 0.3942307692307692 0.07932692307692307 0.11508413461538461
0 0.43509615384615385 0.21033653846153846 0.04296875 0.07211538461538461
0 0.3858173076923077 0.22716346153846154 0.055288461538461536 0.10787259615384616
0 0.41947115384615385 0.3954326923076923 0.04807692307692308 0.09885817307692307
0 0.29447115384615385 0.5564903846153846 0.055288461538461536 0.09134615384615384
0 0.3004807692307692 0.6899038461538461 0.06760817307692307 0.07271634615384616
0 0.28966346153846156 0.8629807692307693 0.05979567307692308 0.07271634615384616
0 0.41947115384615385 0.8449519230769231 0.021334134615384616 0.026141826923076924
0 0.4014423076923077 0.8617788461538461 0.028545673076923076 0.026442307692307692
0 0.3713942307692308 0.8401442307692307 0.02674278846153846 0.021634615384615384
0 0.39783653846153844 0.8389423076923077 0.019230769230769232 0.028545673076923076
0 0.3737980769230769 0.8774038461538461 0.038461538461538464 0.04807692307692308
0 0.48677884615384615 0.84375 0.055288461538461536 0.09164663461538461
0 0.5348557692307693 0.8713942307692307 0.05048076923076923 0.0985576923076923
0 0.39783653846153844 0.7079326923076923 0.055288461538461536 0.07932692307692307
0 0.4891826923076923 0.7127403846153846 0.03635817307692308 0.11057692307692307
0 0.3858173076923077 0.5324519230769231 0.04567307692307692 0.030949519230769232
0 0.43149038461538464 0.5697115384615384 0.05078125 0.047776442307692304
0 0.5132211538461539 0.5408653846153846 0.04567307692307692 0.0772235576923077
0 0.5625 0.07692307692307693 0.09615384615384616 0.11478365384615384
0 0.6730769230769231 0.08653846153846154 0.07752403846153846 0.09645432692307693
0 0.7836538461538461 0.0829326923076923 0.07241586538461539 0.07451923076923077
0 0.9122596153846154 0.07932692307692307 0.0673076923076923 0.12049278846153846
0 0.5540865384615384 0.21394230769230768 0.05078125 0.05348557692307692
0 0.6490384615384616 0.21634615384615385 0.06790865384615384 0.11989182692307693
0 0.7536057692307693 0.234375 0.06971153846153846 0.10576923076923077
0 0.8786057692307693 0.22956730769230768 0.05078125 0.10336538461538461
0 0.5540865384615384 0.3870192307692308 0.07211538461538461 0.11057692307692307
0 0.6454326923076923 0.3870192307692308 0.0673076923076923 0.10997596153846154
0 0.7572115384615384 0.3786057692307692 0.057992788461538464 0.11538461538461539
0 0.8870192307692307 0.38341346153846156 0.0673076923076923 0.08924278846153846
0 0.6418269230769231 0.5552884615384616 0.043870192307692304 0.052884615384615384
0 0.6610576923076923 0.5276442307692307 0.028545673076923076 0.028846153846153848
0 0.6370192307692307 0.5120192307692307 0.01953125 0.024338942307692308
0 0.6646634615384616 0.5793269230769231 0.05048076923076923 0.07271634615384616
0 0.578125 0.5192307692307693 0.026141826923076924 0.03786057692307692
0 0.5913461538461539 0.5685096153846154 0.04837740384615385 0.07421875
0 0.6502403846153846 0.7115384615384616 0.04326923076923077 0.07241586538461539
0 0.5612980769230769 0.7115384615384616 0.0673076923076923 0.11087740384615384
0 0.6213942307692307 0.8581730769230769 0.055588942307692304 0.09134615384615384