0 0.06490384615384616 0.109375 0.07271634615384616 0.12740384615384615
0 0.21033653846153846 0.1466346153846154 0.07481971153846154 0.1349158653846154
0 0.3581730769230769 0.12860576923076922 0.09134615384615384 0.1463341346153846
0 0.5360576923076923 0.11899038461538461 0.10546875 0.12289663461538461
0 0.6947115384615384 0.12620192307692307 0.07151442307692307 0.12740384615384615
0 0.8341346153846154 0.12620192307692307 0.05228365384615385 0.125
0 0.7872596153846154 0.45913461538461536 0.10366586538461539 0.15895432692307693
0 0.6766826923076923 0.4651442307692308 0.1271033653846154 0.15114182692307693
0 0.7283653846153846 0.3557692307692308 0.12920673076923078 0.14933894230769232
0 0.39903846153846156 0.43509615384615385 0.05318509615384615 0.07241586538461539
0 0.5096153846153846 0.3954326923076923 0.08623798076923077 0.07451923076923077
0 0.4423076923076923 0.3713942307692308 0.05709134615384615 0.06009615384615385
0 0.37259615384615385 0.39903846153846156 0.04296875 0.05318509615384615
0 0.3233173076923077 0.39302884615384615 0.057692307692307696 0.05979567307692308
0 0.32572115384615385 0.34375 0.050180288461538464 0.034254807692307696
0 0.46033653846153844 0.40024038461538464 0.04567307692307692 0.06009615384615385
0 0.39903846153846156 0.3786057692307692 0.038461538461538464 0.04567307692307692
0 0.5024038461538461 0.6129807692307693 0.034254807692307696 0.04296875
0 0.5432692307692307 0.6778846153846154 0.04326923076923077 0.05739182692307692
0 0.5432692307692307 0.7512019230769231 0.052584134615384616 0.06520432692307693
0 0.4519230769230769 0.6526442307692307 0.048677884615384616 0.055588942307692304
0 0.49038461538461536 0.7079326923076923 0.03876201923076923 0.055288461538461536
0 0.44591346153846156 0.7043269230769231 0.05979567307692308 0.0625
0 0.453125 0.7740384615384616 0.10306490384615384 0.08203125
0 0.4495192307692308 0.8653846153846154 0.09585336538461539 0.1006610576923077
0 0.5793269230769231 0.9038461538461539 0.08203125 0.10126201923076923
0 0.6959134615384616 0.8725961538461539 0.06009615384615385 0.08233173076923077
0 0.7572115384615384 0.9146634615384616 0.08173076923076923 0.07932692307692307
0 0.6490384615384616 0.8161057692307693 0.038461538461538464 0.055588942307692304
0 0.5913461538461539 0.7259615384615384 0.04296875 0.06280048076923077
0 0.5793269230769231 0.6862980769230769 0.0234375 0.02674278846153846
0 0.6370192307692307 0.7007211538461539 0.038461538461538464 0.045973557692307696
0 0.6947115384615384 0.7355769230769231 0.03395432692307692 0.048677884615384616
0 0.7115384615384616 0.6911057692307693 0.043569711538461536 0.041165865384615384
0 0.7259615384615384 0.734375 0.029447115384615384 0.057692307692307696
0 0.7752403846153846 0.78125 0.04807692307692308 0.10997596153846154
0 0.7788461538461539 0.6754807692307693 0.0390625 0.047776442307692304
0 0.7103365384615384 0.6334134615384616 0.03365384615384615 0.04056490384615385
0 0.6574519230769231 0.6382211538461539 0.03635817307692308 0.041165865384615384
0 0.3076923076923077 0.7103365384615384 0.03876201923076923 0.05498798076923077
0 0.3269230769230769 0.828125 0.057692307692307696 0.08413461538461539
0 0.2800480769230769 0.8629807692307693 0.055588942307692304 0.08233173076923077
0 0.22716346153846154 0.7608173076923077 0.14182692307692307 0.24729567307692307
0 0.21153846153846154 0.4519230769230769 0.07692307692307693 0.17247596153846154
0 0.06610576923076923 0.34134615384615385 0.06520432692307693 0.10606971153846154
0 0.057692307692307696 0.53125 0.05709134615384615 0.09645432692307693
0 0.04326923076923077 0.7776442307692307 0.043569711538461536 0.05048076923076923
0 0.028846153846153848 0.6887019230769231 0.033353365384615384 0.0625
0 0.030048076923076924 0.6237980769230769 0.026442307692307692 0.06520432692307693
0 0.09254807692307693 0.7199519230769231 0.04056490384615385 0.07421875
0 0.06009615384615385 0.6646634615384616 0.05228365384615385 0.10096153846153846
0 0.6754807692307693 0.5985576923076923 0.024639423076923076 0.029146634615384616
0 0.7403846153846154 0.6201923076923077 0.024338942307692308 0.03395432692307692
0 0.24519230769230768 0.34975961538461536 0.0390625 0.055588942307692304
0 0.38221153846153844 0.3581730769230769 0.05348557692307692 0.04266826923076923
0 0.7632211538461539 0.7211538461538461 0.03635817307692308 0.038461538461538464
0 0.6201923076923077 0.8004807692307693 0.03395432692307692 0.06700721153846154
0 0.6826923076923077 0.8245192307692307 0.03876201923076923 0.04326923076923077