0 0.15144230769230768 0.12740384615384615 0.2208533653846154 0.18719951923076922
0 0.40865384615384615 0.1502403846153846 0.16316105769230768 0.13251201923076922
0 0.671875 0.18028846153846154 0.07211538461538461 0.11538461538461539
0 0.6213942307692307 0.109375 0.06971153846153846 0.12289663461538461
0 0.8449519230769231 0.15985576923076922 0.11538461538461539 0.18028846153846154
0 0.78125 0.4543269230769231 0.11508413461538461 0.20222355769230768
0 0.8978365384615384 0.7295673076923077 0.11328125 0.1271033653846154
0 0.23677884615384615 0.7980769230769231 0.11748798076923077 0.21153846153846154
0 0.38822115384615385 0.6778846153846154 0.055288461538461536 0.12469951923076923
0 0.07932692307692307 0.7692307692307693 0.09164663461538461 0.13401442307692307
0 0.5144230769230769 0.8581730769230769 0.0625 0.10096153846153846
0 0.5120192307692307 0.7524038461538461 0.04326923076923077 0.10546875
0 0.5625 0.7295673076923077 0.06760817307692307 0.13671875
0 0.7235576923076923 0.8028846153846154 0.09585336538461539 0.15354567307692307
0 0.5552884615384616 0.44591346153846156 0.1388221153846154 0.24729567307692307
0 0.35096153846153844 0.4951923076923077 0.11087740384615384 0.15895432692307693
0 0.2764423076923077 0.49278846153846156 0.0772235576923077 0.11989182692307693
0 0.29086538461538464 0.3954326923076923 0.10606971153846154 0.11298076923076923
0 0.296875 0.3088942307692308 0.08924278846153846 0.08653846153846154
0 0.3954326923076923 0.3918269230769231 0.10096153846153846 0.16796875
0 0.10096153846153846 0.3449519230769231 0.1201923076923077 0.15594951923076922
0 0.08533653846153846 0.5769230769230769 0.10817307692307693 0.18209134615384615