0 0.17067307692307693 0.1622596153846154 0.1778846153846154 0.21424278846153846
0 0.3737980769230769 0.11538461538461539 0.08653846153846154 0.12469951923076923
0 0.5877403846153846 0.19471153846153846 0.12289663461538461 0.20222355769230768
0 0.3762019230769231 0.31971153846153844 0.10096153846153846 0.09134615384615384
0 0.12980769230769232 0.5072115384615384 0.13401442307692307 0.1974158653846154
0 0.10216346153846154 0.7271634615384616 0.11268028846153846 0.1466346153846154
0 0.3473557692307692 0.5973557692307693 0.11298076923076923 0.19951923076923078
0 0.3137019230769231 0.8629807692307693 0.08924278846153846 0.10997596153846154
0 0.5805288461538461 0.5600961538461539 0.15174278846153846 0.23497596153846154
0 0.6045673076923077 0.7740384615384616 0.08864182692307693 0.10516826923076923
0 0.7680288461538461 0.8918269230769231 0.052884615384615384 0.08653846153846154
0 0.9026442307692307 0.8677884615384616 0.06520432692307693 0.1015625
0 0.8461538461538461 0.6442307692307693 0.21183894230769232 0.25931490384615385
0 0.8665865384615384 0.23557692307692307 0.0985576923076923 0.16316105769230768