0 0.11538461538461539 0.05889423076923077 0.06760817307692307 0.06009615384615385
0 0.11057692307692307 0.12980769230769232 0.09645432692307693 0.11568509615384616
0 0.33052884615384615 0.14182692307692307 0.1346153846153846 0.2551081730769231
0 0.33653846153846156 0.4483173076923077 0.1544471153846154 0.25210336538461536
0 0.5516826923076923 0.15384615384615385 0.14423076923076922 0.2692307692307692
0 0.7259615384615384 0.15865384615384615 0.14423076923076922 0.25931490384615385
0 0.9170673076923077 0.14423076923076922 0.09134615384615384 0.2400841346153846
0 0.7920673076923077 0.44471153846153844 0.10787259615384616 0.18810096153846154
0 0.9230769230769231 0.4170673076923077 0.07692307692307693 0.19501201923076922
0 0.5865384615384616 0.46634615384615385 0.14483173076923078 0.26893028846153844
0 0.5060096153846154 0.7379807692307693 0.09344951923076923 0.18689903846153846
0 0.59375 0.8401442307692307 0.11989182692307693 0.23076923076923078
0 0.34134615384615385 0.7307692307692307 0.1541466346153846 0.20252403846153846
0 0.11778846153846154 0.6033653846153846 0.18689903846153846 0.2734375
0 0.10697115384615384 0.8677884615384616 0.13671875 0.21604567307692307
0 0.14182692307692307 0.28966346153846156 0.14933894230769232 0.19501201923076922
0 0.7668269230769231 0.6622596153846154 0.057992788461538464 0.07962740384615384
0 0.8100961538461539 0.7283653846153846 0.04807692307692308 0.07151442307692307
0 0.8521634615384616 0.7512019230769231 0.05078125 0.08383413461538461
0 0.7980769230769231 0.7752403846153846 0.06219951923076923 0.0889423076923077
0 0.8557692307692307 0.8329326923076923 0.052884615384615384 0.09375
0 0.8473557692307693 0.9290865384615384 0.05498798076923077 0.10306490384615384
0 0.8076923076923077 0.9663461538461539 0.06760817307692307 0.05318509615384615
0 0.8942307692307693 0.9350961538461539 0.06700721153846154 0.11989182692307693
0 0.9026442307692307 0.7800480769230769 0.05979567307692308 0.0985576923076923
0 0.8677884615384616 0.6778846153846154 0.06760817307692307 0.10096153846153846
0 0.8100961538461539 0.6490384615384616 0.06700721153846154 0.10606971153846154
0 0.7463942307692307 0.7223557692307693 0.07211538461538461 0.0889423076923077
0 0.765625 0.8185096153846154 0.06460336538461539 0.1180889423076923
0 0.8052884615384616 0.8942307692307693 0.0772235576923077 0.14483173076923078