0 0.11658653846153846 0.14182692307692307 0.15655048076923078 0.2551081730769231
0 0.3293269230769231 0.11538461538461539 0.12950721153846154 0.16346153846153846
0 0.49759615384615385 0.1466346153846154 0.12980769230769232 0.24969951923076922
0 0.6983173076923077 0.13701923076923078 0.1466346153846154 0.19200721153846154
0 0.8930288461538461 0.13822115384615385 0.09825721153846154 0.1853966346153846
0 0.7596153846153846 0.40865384615384615 0.16346153846153846 0.27914663461538464
0 0.5336538461538461 0.3918269230769231 0.12049278846153846 0.1778846153846154
0 0.3269230769230769 0.34134615384615385 0.1063701923076923 0.2013221153846154
0 0.3713942307692308 0.5612980769230769 0.11057692307692307 0.18990384615384615
0 0.4375 0.8353365384615384 0.24489182692307693 0.20462740384615385
0 0.7319711538461539 0.8401442307692307 0.1658653846153846 0.20462740384615385
0 0.16346153846153846 0.7740384615384616 0.1640625 0.21153846153846154
0 0.057692307692307696 0.7596153846153846 0.0859375 0.1349158653846154
0 0.1045673076923077 0.44350961538461536 0.15865384615384615 0.27133413461538464