0 0.12980769230769232 0.1658653846153846 0.1583533653846154 0.2785456730769231
0 0.3713942307692308 0.11057692307692307 0.09405048076923077 0.12560096153846154
0 0.5889423076923077 0.11778846153846154 0.11959134615384616 0.10997596153846154
0 0.8870192307692307 0.125 0.11959134615384616 0.21153846153846154
0 0.7776442307692307 0.36177884615384615 0.12770432692307693 0.19441105769230768
0 0.5661057692307693 0.41346153846153844 0.19020432692307693 0.22566105769230768
0 0.3605769230769231 0.3894230769230769 0.12980769230769232 0.24969951923076922
0 0.09735576923076923 0.4795673076923077 0.15655048076923078 0.2815504807692308
0 0.11899038461538461 0.8221153846153846 0.1463341346153846 0.25931490384615385
0 0.44350961538461536 0.7512019230769231 0.13221153846153846 0.22385817307692307
0 0.3449519230769231 0.8617788461538461 0.06971153846153846 0.1875
0 0.2800480769230769 0.734375 0.036057692307692304 0.10576923076923077
0 0.33653846153846156 0.6971153846153846 0.048677884615384616 0.10516826923076923
0 0.3245192307692308 0.6105769230769231 0.052584134615384616 0.07632211538461539
0 0.3762019230769231 0.6262019230769231 0.04056490384615385 0.08173076923076923
0 0.38341346153846156 0.5685096153846154 0.07932692307692307 0.04537259615384615
0 0.6454326923076923 0.6838942307692307 0.13221153846153846 0.23828125
0 0.875 0.6862980769230769 0.12530048076923078 0.23317307692307693