0 0.1346153846153846 0.14903846153846154 0.22145432692307693 0.25060096153846156
0 0.30288461538461536 0.07932692307692307 0.06280048076923077 0.09104567307692307
0 0.3245192307692308 0.1778846153846154 0.1006610576923077 0.15354567307692307
0 0.43990384615384615 0.07451923076923077 0.06700721153846154 0.09134615384615384
0 0.4495192307692308 0.18028846153846154 0.10036057692307693 0.12469951923076923
0 0.5576923076923077 0.10817307692307693 0.07662259615384616 0.14453125
0 0.6959134615384616 0.1045673076923077 0.07692307692307693 0.1271033653846154
0 0.3449519230769231 0.36658653846153844 0.10096153846153846 0.15114182692307693
0 0.46033653846153844 0.43149038461538464 0.10576923076923077 0.16135817307692307
0 0.1346153846153846 0.44711538461538464 0.17818509615384615 0.2548076923076923
0 0.6237980769230769 0.3401442307692308 0.13942307692307693 0.16826923076923078
0 0.8798076923076923 0.14543269230769232 0.1778846153846154 0.21905048076923078
0 0.9002403846153846 0.4050480769230769 0.14152644230769232 0.22115384615384615
0 0.6514423076923077 0.6045673076923077 0.16887019230769232 0.23347355769230768
0 0.3762019230769231 0.6514423076923077 0.10817307692307693 0.15354567307692307
0 0.13701923076923078 0.8329326923076923 0.1388221153846154 0.2478966346153846
0 0.37740384615384615 0.8713942307692307 0.07271634615384616 0.0889423076923077
0 0.6610576923076923 0.7980769230769231 0.13431490384615385 0.08173076923076923
0 0.5961538461538461 0.9435096153846154 0.10096153846153846 0.09134615384615384
0 0.6526442307692307 0.9074519230769231 0.1271033653846154 0.1271033653846154
0 0.7223557692307693 0.9098557692307693 0.07001201923076923 0.09825721153846154
0 0.8161057692307693 0.9170673076923077 0.16135817307692307 0.13942307692307693
0 0.8966346153846154 0.6177884615384616 0.09645432692307693 0.052884615384615384