0 0.0985576923076923 0.07932692307692307 0.1102764423076923 0.13010817307692307
0 0.13221153846153846 0.20793269230769232 0.13010817307692307 0.16346153846153846
0 0.2956730769230769 0.0889423076923077 0.0868389423076923 0.09585336538461539
0 0.3581730769230769 0.1622596153846154 0.08653846153846154 0.13221153846153846
0 0.4050480769230769 0.15865384615384615 0.05498798076923077 0.09164663461538461
0 0.5673076923076923 0.1201923076923077 0.10576923076923077 0.1346153846153846
0 0.8064903846153846 0.17668269230769232 0.11538461538461539 0.16826923076923078
0 0.8737980769230769 0.1658653846153846 0.0625 0.1015625
0 0.8112980769230769 0.3737980769230769 0.04807692307692308 0.036057692307692304
0 0.84375 0.3762019230769231 0.024338942307692308 0.02403846153846154
0 0.8725961538461539 0.4182692307692308 0.052884615384615384 0.057992788461538464
0 0.8137019230769231 0.41947115384615385 0.0694110576923077 0.04537259615384615
0 0.8557692307692307 0.4831730769230769 0.08203125 0.10997596153846154
0 0.7836538461538461 0.7175480769230769 0.05709134615384615 0.0985576923076923
0 0.8112980769230769 0.7704326923076923 0.057692307692307696 0.10366586538461539
0 0.8425480769230769 0.7860576923076923 0.050180288461538464 0.09585336538461539
0 0.8798076923076923 0.8100961538461539 0.05709134615384615 0.11117788461538461
0 0.625 0.890625 0.06700721153846154 0.08924278846153846
0 0.640625 0.6826923076923077 0.0694110576923077 0.1541466346153846
0 0.625 0.42908653846153844 0.07181490384615384 0.1180889423076923
0 0.41225961538461536 0.4206730769230769 0.07481971153846154 0.10576923076923077
0 0.38822115384615385 0.6911057692307693 0.04056490384615385 0.026442307692307692
0 0.41225961538461536 0.6911057692307693 0.02403846153846154 0.016826923076923076
0 0.4098557692307692 0.7139423076923077 0.03635817307692308 0.028545673076923076
0 0.44350961538461536 0.7091346153846154 0.03155048076923077 0.03365384615384615
0 0.44350961538461536 0.7415865384615384 0.04567307692307692 0.052884615384615384
0 0.24158653846153846 0.8822115384615384 0.12229567307692307 0.0907451923076923
0 0.15865384615384615 0.8233173076923077 0.12469951923076923 0.16826923076923078
0 0.10216346153846154 0.7295673076923077 0.09885817307692307 0.16135817307692307
0 0.03125 0.7439903846153846 0.043569711538461536 0.19471153846153846
0 0.22596153846153846 0.5276442307692307 0.09555288461538461 0.10576923076923077
0 0.10817307692307693 0.5336538461538461 0.07271634615384616 0.0772235576923077
0 0.11658653846153846 0.46033653846153844 0.036057692307692304 0.04326923076923077
0 0.1622596153846154 0.4699519230769231 0.052884615384615384 0.05048076923076923
0 0.042067307692307696 0.41225961538461536 0.057692307692307696 0.055288461538461536
0 0.07692307692307693 0.3545673076923077 0.057992788461538464 0.026141826923076924
0 0.08052884615384616 0.3870192307692308 0.060396634615384616 0.04296875
0 0.1466346153846154 0.38461538461538464 0.06219951923076923 0.04296875
0 0.17548076923076922 0.41346153846153844 0.08173076923076923 0.048677884615384616
0 0.2704326923076923 0.4254807692307692 0.07211538461538461 0.05228365384615385
0 0.22355769230769232 0.4519230769230769 0.07271634615384616 0.06790865384615384