0 0.08413461538461539 0.11057692307692307 0.057992788461538464 0.1006610576923077
0 0.24519230769230768 0.1141826923076923 0.07211538461538461 0.13221153846153846
0 0.4014423076923077 0.12620192307692307 0.09164663461538461 0.1463341346153846
0 0.45072115384615385 0.15264423076923078 0.06009615384615385 0.09615384615384616
0 0.6057692307692307 0.14543269230769232 0.0625 0.16346153846153846
0 0.7728365384615384 0.1502403846153846 0.09344951923076923 0.1778846153846154
0 0.9399038461538461 0.06610576923076923 0.057692307692307696 0.060396634615384616
0 0.9170673076923077 0.15384615384615385 0.10096153846153846 0.1349158653846154
0 0.7848557692307693 0.39663461538461536 0.10576923076923077 0.18780048076923078
0 0.9170673076923077 0.421875 0.057692307692307696 0.13731971153846154
0 0.6069711538461539 0.37259615384615385 0.125 0.13431490384615385
0 0.65625 0.6959134615384616 0.0625 0.15865384615384615
0 0.7475961538461539 0.7896634615384616 0.08233173076923077 0.1271033653846154
0 0.8990384615384616 0.6346153846153846 0.07752403846153846 0.14362980769230768
0 0.9002403846153846 0.8737980769230769 0.10096153846153846 0.19951923076923078
0 0.5180288461538461 0.8774038461538461 0.08413461538461539 0.09164663461538461
0 0.46033653846153844 0.8040865384615384 0.07451923076923077 0.10817307692307693
0 0.3786057692307692 0.9074519230769231 0.021935096153846152 0.07421875
0 0.3401442307692308 0.90625 0.04807692307692308 0.1006610576923077
0 0.3016826923076923 0.8617788461538461 0.06520432692307693 0.11748798076923077
0 0.23317307692307693 0.7848557692307693 0.057692307692307696 0.09825721153846154
0 0.08653846153846154 0.5769230769230769 0.07211538461538461 0.1349158653846154
0 0.0829326923076923 0.8413461538461539 0.04537259615384615 0.07241586538461539
0 0.2704326923076923 0.5721153846153846 0.09885817307692307 0.14362980769230768
0 0.42788461538461536 0.5805288461538461 0.06280048076923077 0.09375
0 0.4567307692307692 0.3641826923076923 0.07241586538461539 0.0889423076923077
0 0.4026442307692308 0.3137019230769231 0.07211538461538461 0.0790264423076923
0 0.2608173076923077 0.3762019230769231 0.08864182692307693 0.15655048076923078
0 0.0829326923076923 0.3449519230769231 0.060396634615384616 0.08653846153846154