0 0.02403846153846154 0.052884615384615384 0.04326923076923077 0.08713942307692307
0 0.09134615384615384 0.03125 0.07632211538461539 0.047776442307692304
0 0.07692307692307693 0.10817307692307693 0.038461538461538464 0.07151442307692307
0 0.025240384615384616 0.1502403846153846 0.04326923076923077 0.07692307692307693
0 0.09975961538461539 0.21875 0.08864182692307693 0.11568509615384616
0 0.19230769230769232 0.21514423076923078 0.04296875 0.05498798076923077
0 0.19110576923076922 0.140625 0.045973557692307696 0.05979567307692308
0 0.19110576923076922 0.05889423076923077 0.04056490384615385 0.07932692307692307
0 0.2536057692307692 0.07451923076923077 0.06009615384615385 0.10606971153846154
0 0.23798076923076922 0.17548076923076922 0.034254807692307696 0.05348557692307692
0 0.2920673076923077 0.18028846153846154 0.040865384615384616 0.07181490384615384
0 0.3473557692307692 0.03365384615384615 0.014423076923076924 0.019831730769230768
0 0.34134615384615385 0.052884615384615384 0.018629807692307692 0.03876201923076923
0 0.359375 0.051682692307692304 0.021634615384615384 0.038461538461538464
0 0.3870192307692308 0.056490384615384616 0.014723557692307692 0.03365384615384615
0 0.39663461538461536 0.037259615384615384 0.009915865384615384 0.030949519230769232
0 0.3737980769230769 0.037259615384615384 0.02674278846153846 0.04537259615384615
0 0.4230769230769231 0.04567307692307692 0.028846153846153848 0.052584134615384616
0 0.3485576923076923 0.11298076923076923 0.028846153846153848 0.05318509615384615
0 0.39302884615384615 0.12139423076923077 0.028846153846153848 0.035757211538461536
0 0.4567307692307692 0.11778846153846154 0.04807692307692308 0.06310096153846154
0 0.3557692307692308 0.20673076923076922 0.038161057692307696 0.05739182692307692
0 0.20072115384615385 0.3473557692307692 0.052884615384615384 0.09405048076923077
0 0.2608173076923077 0.33653846153846156 0.045973557692307696 0.05739182692307692
0 0.2860576923076923 0.421875 0.061899038461538464 0.08173076923076923
0 0.21153846153846154 0.46033653846153844 0.0673076923076923 0.09885817307692307
0 0.29086538461538464 0.5228365384615384 0.07151442307692307 0.08864182692307693
0 0.028846153846153848 0.33653846153846156 0.047475961538461536 0.0673076923076923
0 0.08653846153846154 0.3329326923076923 0.03876201923076923 0.06520432692307693
0 0.09975961538461539 0.421875 0.04807692307692308 0.07001201923076923
0 0.019230769230769232 0.39663461538461536 0.01893028846153846 0.024338942307692308
0 0.030048076923076924 0.3918269230769231 0.017127403846153848 0.024338942307692308
0 0.046875 0.4014423076923077 0.019230769230769232 0.024338942307692308
0 0.013221153846153846 0.4110576923076923 0.016826923076923076 0.023737980769230768
0 0.042067307692307696 0.41947115384615385 0.016526442307692308 0.021935096153846152
0 0.056490384615384616 0.42788461538461536 0.016526442307692308 0.028245192307692308
0 0.028846153846153848 0.42788461538461536 0.019230769230769232 0.02403846153846154
0 0.04326923076923077 0.44350961538461536 0.014723557692307692 0.026141826923076924
0 0.018028846153846152 0.44350961538461536 0.019230769230769232 0.03125
0 0.030048076923076924 0.484375 0.019230769230769232 0.016526442307692308
0 0.054086538461538464 0.47475961538461536 0.017127403846153848 0.03365384615384615
0 0.03125 0.46033653846153844 0.02403846153846154 0.038461538461538464
0 0.09375 0.484375 0.03365384615384615 0.030949519230769232
0 0.10576923076923077 0.5276442307692307 0.02403846153846154 0.0625
0 0.08533653846153846 0.5252403846153846 0.021634615384615384 0.06460336538461539
0 0.027644230769230768 0.5372596153846154 0.04567307692307692 0.07211538461538461
0 0.04447115384615385 0.6286057692307693 0.036057692307692304 0.05979567307692308
0 0.021634615384615384 0.6153846153846154 0.03365384615384615 0.05709134615384615
0 0.04927884615384615 0.5973557692307693 0.038461538461538464 0.021334134615384616
0 0.06850961538461539 0.6983173076923077 0.040865384615384616 0.052884615384615384
0 0.020432692307692308 0.6995192307692307 0.030949519230769232 0.05739182692307692
0 0.12980769230769232 0.6298076923076923 0.057992788461538464 0.07241586538461539
0 0.11778846153846154 0.7920673076923077 0.06280048076923077 0.08413461538461539
0 0.039663461538461536 0.7980769230769231 0.057692307692307696 0.10606971153846154
0 0.18389423076923078 0.6358173076923077 0.028846153846153848 0.060396634615384616
0 0.20552884615384615 0.6334134615384616 0.03365384615384615 0.06460336538461539
0 0.234375 0.6262019230769231 0.028846153846153848 0.07421875
0 0.2536057692307692 0.625 0.012319711538461538 0.05709134615384615
0 0.20673076923076922 0.7139423076923077 0.0673076923076923 0.08203125
0 0.20793269230769232 0.8137019230769231 0.0694110576923077 0.09825721153846154
0 0.2668269230769231 0.765625 0.033353365384615384 0.038461538461538464
0 0.28846153846153844 0.7776442307692307 0.03365384615384615 0.05498798076923077
0 0.296875 0.7560096153846154 0.028846153846153848 0.021334134615384616
0 0.37259615384615385 0.7319711538461539 0.06760817307692307 0.10306490384615384
0 0.30288461538461536 0.6262019230769231 0.018629807692307692 0.040865384615384616
0 0.3125 0.6502403846153846 0.019230769230769232 0.040865384615384616
0 0.3088942307692308 0.7115384615384616 0.026141826923076924 0.04807692307692308
0 0.3762019230769231 0.5060096153846154 0.07001201923076923 0.08383413461538461
0 0.3449519230769231 0.6045673076923077 0.01171875 0.021634615384615384
0 0.36177884615384615 0.6310096153846154 0.03125 0.055288461538461536
0 0.3954326923076923 0.6237980769230769 0.03635817307692308 0.045973557692307696
0 0.453125 0.7992788461538461 0.0694110576923077 0.10817307692307693
0 0.46634615384615385 0.6346153846153846 0.03876201923076923 0.06790865384615384
0 0.4206730769230769 0.21995192307692307 0.0673076923076923 0.08383413461538461
0 0.4254807692307692 0.34975961538461536 0.04296875 0.08653846153846154
0 0.36538461538461536 0.36538461538461536 0.05318509615384615 0.11989182692307693
0 0.45913461538461536 0.45552884615384615 0.057692307692307696 0.09375
0 0.5192307692307693 0.042067307692307696 0.03786057692307692 0.052884615384615384
0 0.5661057692307693 0.042067307692307696 0.036057692307692304 0.055288461538461536
0 0.6129807692307693 0.042067307692307696 0.04266826923076923 0.052884615384615384
0 0.5576923076923077 0.12860576923076922 0.0390625 0.0790264423076923
0 0.5132211538461539 0.11177884615384616 0.026141826923076924 0.055588942307692304
0 0.6153846153846154 0.13942307692307693 0.04837740384615385 0.08173076923076923
0 0.5144230769230769 0.23798076923076922 0.019230769230769232 0.052884615384615384
0 0.5252403846153846 0.21634615384615385 0.016526442307692308 0.028545673076923076
0 0.5396634615384616 0.2403846153846154 0.028846153846153848 0.04807692307692308
0 0.5588942307692307 0.21995192307692307 0.03125 0.052884615384615384
0 0.5757211538461539 0.24639423076923078 0.021334134615384616 0.045973557692307696
0 0.5877403846153846 0.22115384615384615 0.014423076923076924 0.03365384615384615
0 0.5276442307692307 0.3473557692307692 0.04807692307692308 0.07932692307692307
0 0.5829326923076923 0.33774038461538464 0.035757211538461536 0.0694110576923077
0 0.5516826923076923 0.45913461538461536 0.08864182692307693 0.11057692307692307
0 0.5276442307692307 0.5540865384615384 0.05498798076923077 0.05078125
0 0.5228365384615384 0.6502403846153846 0.04807692307692308 0.08383413461538461
0 0.6201923076923077 0.6442307692307693 0.0625 0.10576923076923077
0 0.5444711538461539 0.8100961538461539 0.08653846153846154 0.10606971153846154
0 0.7487980769230769 0.6370192307692307 0.0673076923076923 0.08233173076923077
0 0.6875 0.4567307692307692 0.048677884615384616 0.10516826923076923
0 0.7055288461538461 0.7475961538461539 0.08413461538461539 0.06700721153846154
0 0.7884615384615384 0.7331730769230769 0.05739182692307692 0.08653846153846154
0 0.6814903846153846 0.828125 0.03125 0.06009615384615385
0 0.7524038461538461 0.4675480769230769 0.052884615384615384 0.10096153846153846
0 0.6826923076923077 0.6274038461538461 0.038461538461538464 0.06700721153846154
0 0.7572115384615384 0.35336538461538464 0.07211538461538461 0.09585336538461539
0 0.6887019230769231 0.34975961538461536 0.05048076923076923 0.09405048076923077
0 0.6935096153846154 0.054086538461538464 0.055288461538461536 0.08173076923076923
0 0.7560096153846154 0.06009615384615385 0.050180288461538464 0.09164663461538461
0 0.7115384615384616 0.17548076923076922 0.09104567307692307 0.11989182692307693
0 0.7872596153846154 0.14903846153846154 0.03635817307692308 0.0625
0 0.7836538461538461 0.22956730769230768 0.03786057692307692 0.06460336538461539
0 0.8581730769230769 0.057692307692307696 0.04296875 0.07692307692307693
0 0.9122596153846154 0.06850961538461539 0.035757211538461536 0.06460336538461539
0 0.9435096153846154 0.10096153846153846 0.045973557692307696 0.06760817307692307
0 0.859375 0.15504807692307693 0.045973557692307696 0.0889423076923077
0 0.9278846153846154 0.19951923076923078 0.05739182692307692 0.10096153846153846
0 0.8545673076923077 0.25240384615384615 0.04326923076923077 0.07151442307692307
0 0.8569711538461539 0.3581730769230769 0.04537259615384615 0.10096153846153846
0 0.9254807692307693 0.34975961538461536 0.07241586538461539 0.08924278846153846
0 0.8677884615384616 0.4699519230769231 0.06760817307692307 0.08413461538461539
0 0.9411057692307693 0.4567307692307692 0.055288461538461536 0.09645432692307693
0 0.8545673076923077 0.5492788461538461 0.040865384615384616 0.052884615384615384
0 0.8798076923076923 0.6514423076923077 0.1102764423076923 0.11568509615384616
0 0.8798076923076923 0.7668269230769231 0.09585336538461539 0.09585336538461539
0 0.9567307692307693 0.75 0.04807692307692308 0.06219951923076923
0 0.8557692307692307 0.8473557692307693 0.047475961538461536 0.052884615384615384