0 0.06610576923076923 0.0733173076923077 0.1084735576923077 0.1271033653846154
0 0.06971153846153846 0.21995192307692307 0.09615384615384616 0.12770432692307693
0 0.1502403846153846 0.040865384615384616 0.03125 0.04296875
0 0.16346153846153846 0.0889423076923077 0.047475961538461536 0.0673076923076923
0 0.21875 0.036057692307692304 0.033052884615384616 0.043870192307692304
0 0.2247596153846154 0.0889423076923077 0.04567307692307692 0.061899038461538464
0 0.2764423076923077 0.05048076923076923 0.038461538461538464 0.07241586538461539
0 0.3449519230769231 0.05048076923076923 0.035757211538461536 0.05739182692307692
0 0.4362980769230769 0.07091346153846154 0.0889423076923077 0.10817307692307693
0 0.3088942307692308 0.1658653846153846 0.0673076923076923 0.08623798076923077
0 0.22716346153846154 0.2127403846153846 0.05078125 0.07962740384615384
0 0.17067307692307693 0.18028846153846154 0.05228365384615385 0.07692307692307693
0 0.18629807692307693 0.32211538461538464 0.05979567307692308 0.0772235576923077
0 0.06971153846153846 0.41346153846153844 0.06760817307692307 0.12439903846153846
0 0.18629807692307693 0.43149038461538464 0.038461538461538464 0.05078125
0 0.3233173076923077 0.296875 0.08653846153846154 0.11748798076923077
0 0.44711538461538464 0.203125 0.0673076923076923 0.11748798076923077
0 0.5540865384615384 0.037259615384615384 0.052884615384615384 0.06460336538461539
0 0.5697115384615384 0.10336538461538461 0.06310096153846154 0.07241586538461539
0 0.6502403846153846 0.04326923076923077 0.04567307692307692 0.048677884615384616
0 0.6814903846153846 0.07932692307692307 0.041165865384615384 0.06280048076923077
0 0.7067307692307693 0.07692307692307693 0.02403846153846154 0.04807692307692308
0 0.3245192307692308 0.3954326923076923 0.05348557692307692 0.036057692307692304
0 0.3269230769230769 0.44711538461538464 0.057992788461538464 0.06790865384615384
0 0.3641826923076923 0.4495192307692308 0.040865384615384616 0.05228365384615385
0 0.40865384615384615 0.45552884615384615 0.0772235576923077 0.06520432692307693
0 0.2980769230769231 0.4675480769230769 0.05709134615384615 0.041165865384615384
0 0.056490384615384616 0.5649038461538461 0.05078125 0.09645432692307693
0 0.15504807692307693 0.5456730769230769 0.03365384615384615 0.04326923076923077
0 0.19110576923076922 0.5588942307692307 0.02674278846153846 0.038461538461538464
0 0.2704326923076923 0.5456730769230769 0.038461538461538464 0.06760817307692307
0 0.35216346153846156 0.5540865384615384 0.040865384615384616 0.05979567307692308
0 0.4579326923076923 0.5480769230769231 0.03155048076923077 0.05318509615384615
0 0.44471153846153844 0.6730769230769231 0.052884615384615384 0.057992788461538464
0 0.35216346153846156 0.6646634615384616 0.04326923076923077 0.07211538461538461
0 0.26802884615384615 0.6670673076923077 0.03155048076923077 0.060396634615384616
0 0.17067307692307693 0.65625 0.034254807692307696 0.029146634615384616
0 0.05048076923076923 0.6923076923076923 0.034254807692307696 0.06219951923076923
0 0.03125 0.7800480769230769 0.04807692307692308 0.04326923076923077
0 0.078125 0.8533653846153846 0.08924278846153846 0.09585336538461539
0 0.1935096153846154 0.7463942307692307 0.02674278846153846 0.041165865384615384
0 0.16826923076923078 0.7956730769230769 0.048677884615384616 0.034254807692307696
0 0.18028846153846154 0.890625 0.04266826923076923 0.060396634615384616
0 0.25961538461538464 0.8052884615384616 0.038461538461538464 0.04326923076923077
0 0.2776442307692308 0.7644230769230769 0.026141826923076924 0.03365384615384615
0 0.35336538461538464 0.7788461538461539 0.033353365384615384 0.048677884615384616
0 0.34134615384615385 0.9170673076923077 0.029146634615384616 0.045973557692307696
0 0.4387019230769231 0.7932692307692307 0.04537259615384615 0.05739182692307692
0 0.44350961538461536 0.9182692307692307 0.035757211538461536 0.043569711538461536
0 0.5456730769230769 0.9158653846153846 0.02403846153846154 0.038461538461538464
0 0.546875 0.7836538461538461 0.03635817307692308 0.06790865384615384
0 0.5444711538461539 0.6682692307692307 0.030949519230769232 0.04807692307692308
0 0.5456730769230769 0.5504807692307693 0.028846153846153848 0.043569711538461536
0 0.6262019230769231 0.5528846153846154 0.03635817307692308 0.06700721153846154
0 0.5204326923076923 0.3605769230769231 0.019230769230769232 0.0673076923076923
0 0.5300480769230769 0.33052884615384615 0.038461538461538464 0.028846153846153848
0 0.5552884615384616 0.3545673076923077 0.052584134615384616 0.07211538461538461
0 0.5841346153846154 0.4026442307692308 0.0625 0.08653846153846154
0 0.625 0.43509615384615385 0.05709134615384615 0.038461538461538464
0 0.7235576923076923 0.3629807692307692 0.01953125 0.029146634615384616
0 0.7067307692307693 0.34975961538461536 0.01893028846153846 0.014423076923076924
0 0.7091346153846154 0.203125 0.03395432692307692 0.05048076923076923
0 0.8125 0.21153846153846154 0.03395432692307692 0.05829326923076923
0 0.9074519230769231 0.18389423076923078 0.02674278846153846 0.019230769230769232
0 0.9050480769230769 0.20673076923076922 0.03125 0.02403846153846154
0 0.9266826923076923 0.234375 0.036057692307692304 0.057692307692307696
0 0.9326923076923077 0.203125 0.033353365384615384 0.02674278846153846
0 0.9050480769230769 0.0889423076923077 0.055588942307692304 0.0772235576923077
0 0.9338942307692307 0.078125 0.038461538461538464 0.05078125
0 0.8209134615384616 0.33413461538461536 0.035757211538461536 0.07211538461538461
0 0.8918269230769231 0.35336538461538464 0.024338942307692308 0.043569711538461536
0 0.9050480769230769 0.3762019230769231 0.026442307692307692 0.052884615384615384
0 0.9206730769230769 0.38461538461538464 0.023737980769230768 0.043569711538461536
0 0.9387019230769231 0.39903846153846156 0.028846153846153848 0.05709134615384615
0 0.8125 0.4362980769230769 0.029447115384615384 0.041165865384615384
0 0.7067307692307693 0.5588942307692307 0.048677884615384616 0.07001201923076923
0 0.8052884615384616 0.5733173076923077 0.033353365384615384 0.07481971153846154
0 0.8870192307692307 0.5721153846153846 0.05228365384615385 0.08713942307692307
0 0.9591346153846154 0.5721153846153846 0.05228365384615385 0.07181490384615384
0 0.9711538461538461 0.5252403846153846 0.028846153846153848 0.026442307692307692
0 0.8954326923076923 0.6935096153846154 0.05048076923076923 0.09344951923076923
0 0.8052884615384616 0.6826923076923077 0.06280048076923077 0.05709134615384615
0 0.9507211538461539 0.8100961538461539 0.040865384615384616 0.07692307692307693
0 0.8737980769230769 0.8894230769230769 0.04537259615384615 0.06219951923076923
0 0.9507211538461539 0.9302884615384616 0.055288461538461536 0.09585336538461539
0 0.7608173076923077 0.9266826923076923 0.045973557692307696 0.055588942307692304
0 0.7175480769230769 0.7800480769230769 0.030949519230769232 0.03365384615384615
0 0.6177884615384616 0.8870192307692307 0.03365384615384615 0.052584134615384616
0 0.671875 0.9459134615384616 0.030949519230769232 0.04807692307692308
0 0.6538461538461539 0.9230769230769231 0.038461538461538464 0.057692307692307696
0 0.6334134615384616 0.6838942307692307 0.04326923076923077 0.0790264423076923
0 0.6370192307692307 0.7800480769230769 0.05228365384615385 0.07211538461538461
0 0.7307692307692307 0.6778846153846154 0.029447115384615384 0.03876201923076923
0 0.703125 0.6502403846153846 0.03365384615384615 0.04326923076923077
0 0.6177884615384616 0.25961538461538464 0.04296875 0.052584134615384616
0 0.5853365384615384 0.23317307692307693 0.026141826923076924 0.03365384615384615
0 0.5661057692307693 0.22596153846153846 0.026141826923076924 0.02403846153846154
0 0.5901442307692307 0.20192307692307693 0.038461538461538464 0.029447115384615384
0 0.6153846153846154 0.21995192307692307 0.038461538461538464 0.038461538461538464
0 0.5432692307692307 0.18870192307692307 0.029146634615384616 0.021634615384615384
0 0.5216346153846154 0.20432692307692307 0.023737980769230768 0.03365384615384615
0 0.44471153846153844 0.30528846153846156 0.052884615384615384 0.028846153846153848
0 0.2644230769230769 0.9194711538461539 0.028846153846153848 0.055288461538461536
0 0.5612980769230769 0.25961538461538464 0.04567307692307692 0.03395432692307692
0 0.6370192307692307 0.20552884615384615 0.033052884615384616 0.019230769230769232
0 0.7872596153846154 0.055288461538461536 0.04326923076923077 0.0625
0 0.7235576923076923 0.3473557692307692 0.01893028846153846 0.016826923076923076
0 0.5769230769230769 0.18509615384615385 0.029447115384615384 0.02403846153846154