0 0.038461538461538464 0.06850961538461539 0.048677884615384616 0.08653846153846154
0 0.08052884615384616 0.1310096153846154 0.05048076923076923 0.07962740384615384
0 0.14903846153846154 0.06009615384615385 0.0625 0.08653846153846154
0 0.15745192307692307 0.12980769230769232 0.07211538461538461 0.08653846153846154
0 0.25240384615384615 0.06850961538461539 0.04326923076923077 0.06971153846153846
0 0.34375 0.05889423076923077 0.052584134615384616 0.06971153846153846
0 0.43990384615384615 0.0733173076923077 0.05348557692307692 0.08924278846153846
0 0.5396634615384616 0.06009615384615385 0.038461538461538464 0.07151442307692307
0 0.6141826923076923 0.07451923076923077 0.035757211538461536 0.0625
0 0.6838942307692307 0.0673076923076923 0.04567307692307692 0.07241586538461539
0 0.7716346153846154 0.06490384615384616 0.057692307692307696 0.07211538461538461
0 0.8509615384615384 0.06490384615384616 0.029146634615384616 0.061899038461538464
0 0.921875 0.0673076923076923 0.026141826923076924 0.06219951923076923
0 0.8966346153846154 0.22956730769230768 0.052584134615384616 0.07962740384615384
0 0.8689903846153846 0.18629807692307693 0.06460336538461539 0.08864182692307693
0 0.84375 0.22956730769230768 0.06280048076923077 0.0790264423076923
0 0.07572115384615384 0.23076923076923078 0.030949519230769232 0.047776442307692304
0 0.05048076923076923 0.21995192307692307 0.03395432692307692 0.041165865384615384
0 0.028846153846153848 0.24759615384615385 0.038461538461538464 0.05739182692307692
0 0.06370192307692307 0.2848557692307692 0.036057692307692304 0.04537259615384615
0 0.13221153846153846 0.27524038461538464 0.023737980769230768 0.060396634615384616
0 0.234375 0.2403846153846154 0.03125 0.04296875
0 0.20673076923076922 0.3137019230769231 0.03395432692307692 0.052884615384615384
0 0.3016826923076923 0.27524038461538464 0.04807692307692308 0.08924278846153846
0 0.03245192307692308 0.4074519230769231 0.030949519230769232 0.05048076923076923
0 0.078125 0.3942307692307692 0.026141826923076924 0.06700721153846154
0 0.015625 0.38822115384615385 0.017127403846153848 0.05078125
0 0.10096153846153846 0.43028846153846156 0.04326923076923077 0.0625
0 0.18269230769230768 0.4182692307692308 0.038461538461538464 0.06790865384615384
0 0.23918269230769232 0.421875 0.016826923076923076 0.026442307692307692
0 0.2824519230769231 0.4206730769230769 0.07421875 0.10997596153846154
0 0.36658653846153844 0.421875 0.04567307692307692 0.07421875
0 0.3858173076923077 0.3870192307692308 0.02403846153846154 0.0234375
0 0.4519230769230769 0.38461538461538464 0.038161057692307696 0.06700721153846154
0 0.34134615384615385 0.5925480769230769 0.028545673076923076 0.04807692307692308
0 0.31971153846153844 0.5600961538461539 0.034254807692307696 0.057992788461538464
0 0.42908653846153844 0.578125 0.052884615384615384 0.08653846153846154
0 0.3942307692307692 0.734375 0.057692307692307696 0.09134615384615384
0 0.2848557692307692 0.7223557692307693 0.06520432692307693 0.12229567307692307
0 0.20673076923076922 0.6947115384615384 0.05318509615384615 0.08143028846153846
0 0.18389423076923078 0.7475961538461539 0.055288461538461536 0.0772235576923077
0 0.15504807692307693 0.65625 0.035757211538461536 0.038461538461538464
0 0.1466346153846154 0.7463942307692307 0.04326923076923077 0.05979567307692308
0 0.15384615384615385 0.6947115384615384 0.05318509615384615 0.05739182692307692
0 0.056490384615384616 0.6778846153846154 0.057692307692307696 0.07211538461538461
0 0.04927884615384615 0.7884615384615384 0.05048076923076923 0.0868389423076923
0 0.04807692307692308 0.8858173076923077 0.047475961538461536 0.06009615384615385
0 0.12740384615384615 0.8990384615384616 0.061899038461538464 0.10516826923076923
0 0.20192307692307693 0.8425480769230769 0.028545673076923076 0.060396634615384616
0 0.2668269230769231 0.9278846153846154 0.033052884615384616 0.05709134615384615
0 0.265625 0.875 0.016826923076923076 0.033353365384615384
0 0.28846153846153844 0.859375 0.038161057692307696 0.06490384615384616
0 0.36778846153846156 0.9074519230769231 0.052584134615384616 0.08653846153846154
0 0.4567307692307692 0.8689903846153846 0.057692307692307696 0.055588942307692304
0 0.2127403846153846 0.5685096153846154 0.08413461538461539 0.10336538461538461
0 0.0889423076923077 0.5661057692307693 0.09645432692307693 0.09375
0 0.35096153846153844 0.17067307692307693 0.04296875 0.06219951923076923
0 0.4338942307692308 0.21995192307692307 0.07932692307692307 0.0625
0 0.5384615384615384 0.171875 0.033353365384615384 0.045973557692307696
0 0.6117788461538461 0.2283653846153846 0.035757211538461536 0.08143028846153846
0 0.6298076923076923 0.17668269230769232 0.014423076923076924 0.030949519230769232
0 0.5348557692307693 0.2704326923076923 0.026141826923076924 0.04537259615384615
0 0.5204326923076923 0.3449519230769231 0.014423076923076924 0.028846153846153848
0 0.5276442307692307 0.3894230769230769 0.021634615384615384 0.024338942307692308
0 0.5516826923076923 0.36538461538461536 0.021634615384615384 0.038161057692307696
0 0.5348557692307693 0.33052884615384615 0.026141826923076924 0.050180288461538464
0 0.6189903846153846 0.3762019230769231 0.06490384615384616 0.11298076923076923
0 0.6586538461538461 0.3557692307692308 0.01953125 0.024338942307692308
0 0.6682692307692307 0.41586538461538464 0.028245192307692308 0.04296875
0 0.6454326923076923 0.4326923076923077 0.026141826923076924 0.038161057692307696
0 0.7043269230769231 0.21995192307692307 0.028545673076923076 0.03635817307692308
0 0.7596153846153846 0.20192307692307693 0.038161057692307696 0.04296875
0 0.7379807692307693 0.20432692307692307 0.0234375 0.029146634615384616
0 0.7259615384615384 0.18870192307692307 0.028545673076923076 0.03155048076923077
0 0.6658653846153846 0.1971153846153846 0.033052884615384616 0.033353365384615384
0 0.6947115384615384 0.17908653846153846 0.028545673076923076 0.02674278846153846
0 0.7944711538461539 0.4519230769230769 0.040865384615384616 0.048677884615384616
0 0.7295673076923077 0.4266826923076923 0.04807692307692308 0.055288461538461536
0 0.7307692307692307 0.3858173076923077 0.052584134615384616 0.04056490384615385
0 0.7475961538461539 0.35336538461538464 0.0234375 0.024338942307692308
0 0.7259615384615384 0.3557692307692308 0.029447115384615384 0.03365384615384615
0 0.7307692307692307 0.3269230769230769 0.023737980769230768 0.024338942307692308
0 0.7572115384615384 0.3088942307692308 0.015024038461538462 0.016826923076923076
0 0.7776442307692307 0.3401442307692308 0.021334134615384616 0.026141826923076924
0 0.7764423076923077 0.3762019230769231 0.024338942307692308 0.030949519230769232
0 0.8004807692307693 0.3641826923076923 0.01953125 0.02674278846153846
0 0.7944711538461539 0.34615384615384615 0.01201923076923077 0.014423076923076924
0 0.8293269230769231 0.40865384615384615 0.015024038461538462 0.029146634615384616
0 0.8473557692307693 0.41586538461538464 0.019230769230769232 0.024338942307692308
0 0.8533653846153846 0.4387019230769231 0.033052884615384616 0.04326923076923077
0 0.8810096153846154 0.4567307692307692 0.04326923076923077 0.04296875
0 0.8533653846153846 0.3701923076923077 0.014723557692307692 0.02403846153846154
0 0.8677884615384616 0.36899038461538464 0.019230769230769232 0.021634615384615384
0 0.8942307692307693 0.3401442307692308 0.019230769230769232 0.021634615384615384
0 0.8233173076923077 0.34975961538461536 0.019230769230769232 0.021634615384615384
0 0.859375 0.31971153846153844 0.016826923076923076 0.019230769230769232
0 0.8605769230769231 0.3473557692307692 0.024338942307692308 0.017127403846153848
0 0.8341346153846154 0.31971153846153844 0.01953125 0.015024038461538462
0 0.8329326923076923 0.5600961538461539 0.02674278846153846 0.038161057692307696
0 0.765625 0.5540865384615384 0.035757211538461536 0.05078125
0 0.6502403846153846 0.5384615384615384 0.02674278846153846 0.029146634615384616
0 0.6394230769230769 0.5625 0.03365384615384615 0.04807692307692308
0 0.6177884615384616 0.6165865384615384 0.02403846153846154 0.041165865384615384
0 0.6634615384615384 0.6153846153846154 0.038461538461538464 0.057992788461538464
0 0.7067307692307693 0.6370192307692307 0.029447115384615384 0.047776442307692304
0 0.5733173076923077 0.7139423076923077 0.038461538461538464 0.05348557692307692
0 0.5564903846153846 0.734375 0.021334134615384616 0.026442307692307692
0 0.5420673076923077 0.7175480769230769 0.035757211538461536 0.052884615384615384
0 0.8149038461538461 0.40024038461538464 0.014723557692307692 0.03365384615384615
0 0.8858173076923077 0.3629807692307692 0.016826923076923076 0.024338942307692308
0 0.8918269230769231 0.3918269230769231 0.02403846153846154 0.04807692307692308
0 0.6838942307692307 0.203125 0.019230769230769232 0.021634615384615384