0 0.07734375 0.07890625 0.1546875 0.1578125
0 0.06484375 0.08359375 0.1296875 0.1671875
0 0.11328125 0.18984375 0.2265625 0.2203125
0 0.25078125 0.11640625 0.3734375 0.2328125
0 0.090625 0.02890625 0.18125 0.0578125
0 0.059375 0.04140625 0.11875 0.0828125
0 0.2359375 0.06171875 0.290625 0.1234375
0 0.3140625 0.0796875 0.428125 0.159375
0 0.421875 0.04765625 0.271875 0.0953125
0 0.5125 0.08359375 0.234375 0.1671875
0 0.77890625 0.175 0.2984375 0.35
0 0.31484375 0.675 0.6296875 0.65
0 0.7625 0.84921875 0.265625 0.3015625