0 0.0734375 0.065625 0.0953125 0.13125
0 0.1640625 0.0453125 0.073828125 0.073828125
0 0.159375 0.13984375 0.069921875 0.069921875
0 0.2390625 0.1078125 0.09453125 0.1203125
0 0.334375 0.0984375 0.10234375 0.16953125
0 0.41640625 0.16875 0.103125 0.15390625
0 0.51171875 0.26328125 0.156640625 0.2015625
0 0.625 0.09453125 0.1375 0.1890625
0 0.44296875 0.0421875 0.0734375 0.08203125
0 0.77421875 0.10390625 0.143359375 0.1640625
0 0.90078125 0.22265625 0.151953125 0.24140625
0 0.928125 0.4203125 0.128125 0.189453125
0 0.7640625 0.28828125 0.14765625 0.18359375
0 0.453125 0.41171875 0.128125 0.147265625
0 0.55625 0.51640625 0.134375 0.2171875
0 0.64140625 0.4015625 0.13203125 0.22578125
0 0.7578125 0.478125 0.114453125 0.179296875
0 0.7765625 0.66640625 0.146875 0.176953125
0 0.92421875 0.69140625 0.1515625 0.1765625
0 0.9125 0.8640625 0.133984375 0.173046875
0 0.94140625 0.946875 0.1171875 0.10625
0 0.82265625 0.9375 0.1296875 0.125
0 0.77734375 0.8109375 0.170703125 0.210546875
0 0.69453125 0.9421875 0.1390625 0.115625
0 0.6375 0.7984375 0.13203125 0.165234375
0 0.53203125 0.71484375 0.123046875 0.186328125
0 0.63828125 0.67421875 0.08046875 0.086328125
0 0.440625 0.609375 0.13671875 0.154296875
0 0.57578125 0.88359375 0.077734375 0.108203125
0 0.5515625 0.9578125 0.146875 0.084375
0 0.4703125 0.8828125 0.1328125 0.180859375
0 0.3671875 0.7578125 0.133984375 0.184765625
0 0.33828125 0.92734375 0.1359375 0.1453125
0 0.19609375 0.9015625 0.155859375 0.185546875
0 0.28046875 0.77265625 0.1078125 0.201171875
0 0.23359375 0.63828125 0.1546875 0.165234375
0 0.24296875 0.5109375 0.148828125 0.14609375
0 0.165625 0.4109375 0.1171875 0.143359375
0 0.2484375 0.3453125 0.116015625 0.19609375
0 0.0890625 0.58671875 0.178125 0.2296875
0 0.03515625 0.78828125 0.0703125 0.2109375
0 0.0796875 0.93671875 0.07578125 0.1265625
0 0.115625 0.77734375 0.13046875 0.1828125
0 0.20703125 0.765625 0.071875 0.09609375
0 0.1171875 0.2203125 0.073046875 0.1515625
0 0.178125 0.240625 0.080078125 0.1359375
0 0.1140625 0.34453125 0.093359375 0.104296875
0 0.05078125 0.21328125 0.1015625 0.1609375
0 0.06015625 0.43203125 0.119921875 0.162109375
0 0.36328125 0.26953125 0.098046875 0.144921875
0 0.26796875 0.23359375 0.1125 0.13828125
0 0.32890625 0.40859375 0.128515625 0.1953125
0 0.3859375 0.56015625 0.163671875 0.212109375
0 0.8609375 0.5265625 0.11796875 0.16171875
0 0.95703125 0.52734375 0.0859375 0.1703125