0 0.0734375 0.06640625 0.103125 0.1328125
0 0.1640625 0.0453125 0.077734375 0.077734375
0 0.159375 0.13984375 0.064453125 0.065234375
0 0.2390625 0.1078125 0.08984375 0.11640625
0 0.334375 0.0984375 0.10390625 0.1703125
0 0.41640625 0.16875 0.09921875 0.1515625
0 0.51171875 0.26328125 0.144140625 0.19296875
0 0.625 0.09453125 0.140625 0.1890625
0 0.4421875 0.0421875 0.078125 0.084375
0 0.77421875 0.10390625 0.135546875 0.1578125
0 0.90078125 0.22265625 0.127734375 0.23046875
0 0.928125 0.4203125 0.125 0.187890625
0 0.7640625 0.28828125 0.14609375 0.1828125
0 0.453125 0.41171875 0.1359375 0.154296875
0 0.55625 0.51640625 0.12734375 0.21484375
0 0.64140625 0.4015625 0.14921875 0.23359375
0 0.7578125 0.478125 0.114453125 0.179296875
0 0.7765625 0.66640625 0.153125 0.181640625
0 0.92578125 0.69140625 0.1484375 0.1703125
0 0.9125 0.8640625 0.124609375 0.166796875
0 0.94140625 0.946875 0.1171875 0.10625
0 0.82265625 0.93671875 0.1328125 0.1265625
0 0.77734375 0.8109375 0.160546875 0.203515625
0 0.69453125 0.9421875 0.1390625 0.115625
0 0.6375 0.7984375 0.134375 0.167578125
0 0.53203125 0.71484375 0.136328125 0.193359375
0 0.63828125 0.67421875 0.07734375 0.083203125
0 0.440625 0.609375 0.134375 0.152734375
0 0.57578125 0.88359375 0.076953125 0.107421875
0 0.5515625 0.95625 0.15 0.0875
0 0.4703125 0.8828125 0.14296875 0.187109375
0 0.3671875 0.7578125 0.123046875 0.177734375
0 0.33828125 0.92421875 0.1484375 0.1515625
0 0.19609375 0.9015625 0.155859375 0.185546875
0 0.28046875 0.77265625 0.0984375 0.198046875
0 0.23359375 0.63828125 0.1578125 0.167578125
0 0.24296875 0.5109375 0.153515625 0.15078125
0 0.165625 0.4109375 0.1265625 0.150390625
0 0.2484375 0.3453125 0.094921875 0.18828125
0 0.0875 0.5875 0.16953125 0.223046875
0 0.034375 0.78828125 0.06875 0.2109375
0 0.0796875 0.93671875 0.07578125 0.1265625
0 0.115625 0.77734375 0.1203125 0.1765625
0 0.20703125 0.765625 0.06796875 0.09453125
0 0.1171875 0.2203125 0.070703125 0.1515625
0 0.178125 0.240625 0.081640625 0.13671875
0 0.1140625 0.34453125 0.092578125 0.103515625
0 0.05078125 0.21328125 0.100390625 0.159375
0 0.06328125 0.43125 0.1265625 0.171875
0 0.36328125 0.26953125 0.105078125 0.148828125
0 0.26796875 0.23359375 0.1125 0.13828125
0 0.32890625 0.40859375 0.124609375 0.19375
0 0.3859375 0.56015625 0.151171875 0.202734375
0 0.8609375 0.5265625 0.11953125 0.1625
0 0.95703125 0.52734375 0.0859375 0.1703125