0 0.17578125 0.12421875 0.309375 0.20703125
0 0.50078125 0.12578125 0.30625 0.21015625
0 0.81875 0.128125 0.29609375 0.20234375
0 0.1765625 0.35859375 0.3078125 0.215625
0 0.49921875 0.3625 0.30234375 0.19296875
0 0.82578125 0.359375 0.29921875 0.2171875
0 0.1703125 0.60234375 0.31328125 0.2234375
0 0.4875 0.60234375 0.2765625 0.2328125
0 0.81796875 0.60390625 0.3078125 0.2265625
0 0.17734375 0.85546875 0.30625 0.23984375
0 0.48671875 0.8546875 0.271875 0.24453125
0 0.81640625 0.85546875 0.3078125 0.25234375