0 0.0734375 0.065625 0.090625 0.128125
0 0.1640625 0.0453125 0.07109375 0.07109375
0 0.159375 0.13984375 0.06328125 0.06328125
0 0.2390625 0.1078125 0.0875 0.1140625
0 0.334375 0.0984375 0.096875 0.1671875
0 0.41640625 0.16875 0.090625 0.146875
0 0.51171875 0.26328125 0.14296875 0.1921875
0 0.62578125 0.09453125 0.1265625 0.18359375
0 0.44296875 0.0421875 0.0703125 0.0796875
0 0.77421875 0.10390625 0.13359375 0.15625
0 0.90078125 0.22265625 0.12578125 0.2296875
0 0.928125 0.4203125 0.1140625 0.18203125
0 0.7640625 0.28828125 0.128125 0.1703125
0 0.453125 0.41171875 0.1265625 0.14609375
0 0.55625 0.51640625 0.1125 0.2078125
0 0.64140625 0.4015625 0.1265625 0.2234375
0 0.7578125 0.478125 0.11171875 0.17734375
0 0.7765625 0.66640625 0.1453125 0.17578125
0 0.92890625 0.6921875 0.1421875 0.1625
0 0.9125 0.8640625 0.11953125 0.16328125
0 0.94296875 0.94921875 0.1109375 0.1015625
0 0.8234375 0.9390625 0.125 0.121875
0 0.77734375 0.8109375 0.15078125 0.19609375
0 0.6953125 0.94375 0.1328125 0.1125
0 0.6375 0.7984375 0.1234375 0.16015625
0 0.53203125 0.71484375 0.11796875 0.18359375
0 0.63828125 0.67421875 0.0734375 0.08046875
0 0.440625 0.609375 0.1234375 0.14453125
0 0.57578125 0.88359375 0.07578125 0.10703125
0 0.55234375 0.95859375 0.1453125 0.0828125
0 0.4703125 0.8828125 0.1296875 0.17734375
0 0.3671875 0.7578125 0.11953125 0.17578125
0 0.33828125 0.928125 0.1328125 0.14375
0 0.19609375 0.9015625 0.14609375 0.17734375
0 0.28046875 0.77265625 0.090625 0.19453125
0 0.23359375 0.63828125 0.15 0.16015625
0 0.24296875 0.5109375 0.13828125 0.1359375
0 0.165625 0.4109375 0.1125 0.13984375
0 0.2484375 0.3453125 0.09296875 0.1875
0 0.0875 0.5875 0.159375 0.21640625
0 0.0328125 0.7890625 0.0609375 0.2078125
0 0.0796875 0.93671875 0.075 0.1265625
0 0.115625 0.77734375 0.1109375 0.171875
0 0.20703125 0.765625 0.0625 0.090625
0 0.1171875 0.2203125 0.05859375 0.1484375
0 0.178125 0.240625 0.06796875 0.13125
0 0.1140625 0.34453125 0.08671875 0.09921875
0 0.05078125 0.21328125 0.09609375 0.15625
0 0.06015625 0.43203125 0.11796875 0.16015625
0 0.36328125 0.26953125 0.09296875 0.14140625
0 0.26796875 0.23359375 0.109375 0.1359375
0 0.32890625 0.40859375 0.11328125 0.1875
0 0.3859375 0.56015625 0.14921875 0.20234375
0 0.8609375 0.5265625 0.1046875 0.153125
0 0.96171875 0.528125 0.0765625 0.16484375