2 0.4328125 0.3359375 0.10859375 0.1875
2 0.48203125 0.57890625 0.15390625 0.32734375
2 0.59921875 0.48203125 0.11640625 0.16484375
2 0.75859375 0.38125 0.1046875 0.18203125
2 0.640625 0.38203125 0.05078125 0.0921875
2 0.7703125 0.71015625 0.17578125 0.24765625
2 0.73828125 0.91015625 0.146875 0.1734375
2 0.58671875 0.81015625 0.2046875 0.22890625
2 0.62421875 0.61875 0.1484375 0.15390625
2 0.51796875 0.93046875 0.14296875 0.13828125
2 0.3765625 0.96640625 0.08671875 0.06640625
2 0.34296875 0.6109375 0.10390625 0.18671875
2 0.38359375 0.790625 0.12109375 0.1890625
2 0.184375 0.73359375 0.121875 0.2890625
2 0.2171875 0.5296875 0.103125 0.1890625
2 0.034375 0.87578125 0.06484375 0.21484375
2 0.11484375 0.7640625 0.2109375 0.47109375