1 0.39609375 0.1625 0.1765625 0.184375
1 0.346875 0.34921875 0.133984375 0.199609375
1 0.4265625 0.396875 0.093359375 0.17265625
1 0.55859375 0.26953125 0.188671875 0.139453125
1 0.53671875 0.415625 0.119140625 0.2125
1 0.6921875 0.3796875 0.21953125 0.183984375
1 0.68125 0.52578125 0.243359375 0.1703125
1 0.68671875 0.74296875 0.251171875 0.218359375
1 0.24765625 0.5578125 0.12421875 0.103515625
1 0.3265625 0.51796875 0.103515625 0.1328125
1 0.45390625 0.6 0.210546875 0.1875
1 0.39296875 0.73359375 0.189453125 0.1359375
1 0.296875 0.8140625 0.138671875 0.11328125
1 0.49375 0.89453125 0.18359375 0.144921875