2 0.1953125 0.315625 0.10703125 0.0734375
2 0.37265625 0.26171875 0.11875 0.18671875
2 0.52734375 0.3109375 0.140234375 0.234375
2 0.68984375 0.22265625 0.10546875 0.18125
2 0.74921875 0.38203125 0.14140625 0.20859375
2 0.78671875 0.54765625 0.16875 0.116015625
2 0.59140625 0.5515625 0.10625 0.25
2 0.70078125 0.69453125 0.126171875 0.194140625
2 0.4484375 0.575 0.169921875 0.2625
2 0.34296875 0.721875 0.139453125 0.25234375
2 0.16328125 0.74375 0.13203125 0.179296875
2 0.17578125 0.57265625 0.151953125 0.139453125
2 0.28828125 0.46796875 0.148046875 0.120703125