1 0.39609375 0.1625 0.16640625 0.17421875
1 0.346875 0.34921875 0.129296875 0.197265625
1 0.4265625 0.396875 0.089453125 0.17109375
1 0.55859375 0.26953125 0.181640625 0.127734375
1 0.53671875 0.415625 0.123046875 0.2140625
1 0.6921875 0.3796875 0.21875 0.182421875
1 0.68125 0.52578125 0.241796875 0.1671875
1 0.68671875 0.74296875 0.251171875 0.218359375
1 0.24765625 0.5578125 0.12421875 0.103515625
1 0.3265625 0.51796875 0.112109375 0.1390625
1 0.45390625 0.6 0.216015625 0.19453125
1 0.39296875 0.73359375 0.181640625 0.12265625
1 0.296875 0.8140625 0.139453125 0.1140625
1 0.49375 0.89453125 0.1875 0.151171875