5 0.1875 0.18203125 0.2484375 0.326171875
5 0.421875 0.17578125 0.1875 0.330078125
5 0.6078125 0.16640625 0.142578125 0.3
5 0.828125 0.1953125 0.158984375 0.31640625
5 0.84453125 0.8484375 0.090234375 0.186328125
5 0.6078125 0.8375 0.248828125 0.209765625
5 0.36171875 0.86953125 0.225390625 0.22734375
5 0.1640625 0.85234375 0.20703125 0.28125
5 0.1859375 0.5390625 0.296484375 0.31640625
5 0.52109375 0.54453125 0.33203125 0.3484375
5 0.834375 0.55703125 0.308203125 0.308984375
5 0.2546875 0.55078125 0.17578125 0.317578125
5 0.115625 0.55546875 0.13828125 0.316015625
5 0.6 0.55234375 0.169140625 0.310546875
5 0.44453125 0.54296875 0.1625 0.313671875
5 0.7625 0.5578125 0.18671875 0.31015625
5 0.91640625 0.559375 0.1515625 0.3015625