0 0.6354166666666666 0.7472222222222222 0.6354166666666666 0.6212962962962963 0.5572916666666666 0.6212962962962963 0.5572916666666666 0.7472222222222222 0.6354166666666666 0.7472222222222222
0 0.775 0.7731481481481481 0.775 0.6546296296296297 0.6854166666666667 0.6546296296296297 0.6854166666666667 0.7731481481481481 0.775 0.7731481481481481
0 0.6625 0.5768518518518518 0.6625 0.46574074074074073 0.6 0.46574074074074073 0.6 0.5768518518518518 0.6625 0.5768518518518518
0 0.6010416666666667 0.5916666666666667 0.6010416666666667 0.4546296296296296 0.5291666666666667 0.4546296296296296 0.5291666666666667 0.5916666666666667 0.6010416666666667 0.5916666666666667
0 0.6197916666666666 0.44722222222222224 0.6197916666666666 0.375 0.5729166666666666 0.375 0.5729166666666666 0.44722222222222224 0.6197916666666666 0.44722222222222224
0 0.39375 0.8583333333333333 0.39375 0.775 0.340625 0.775 0.340625 0.8583333333333333 0.39375 0.8583333333333333
0 0.41041666666666665 0.7712962962962963 0.41041666666666665 0.7101851851851851 0.3697916666666667 0.7101851851851851 0.3697916666666667 0.7712962962962963 0.41041666666666665 0.7712962962962963
0 0.440625 1 0.440625 0.950925925925926 0.3854166666666667 0.950925925925926 0.3854166666666667 1 0.440625 1
0 0.225 0.8305555555555556 0.225 0.7583333333333333 0.16354166666666667 0.7583333333333333 0.16354166666666667 0.8305555555555556 0.225 0.8305555555555556
0 0.278125 0.7194444444444444 0.278125 0.6527777777777778 0.23229166666666667 0.6527777777777778 0.23229166666666667 0.7194444444444444 0.278125 0.7194444444444444
0 0.275 0.6564814814814814 0.275 0.5953703703703703 0.2375 0.5953703703703703 0.2375 0.6564814814814814 0.275 0.6564814814814814
0 0.403125 0.5842592592592593 0.403125 0.525 0.371875 0.525 0.371875 0.5842592592592593 0.403125 0.5842592592592593
0 0.334375 0.537962962962963 0.334375 0.4861111111111111 0.2989583333333333 0.4861111111111111 0.2989583333333333 0.537962962962963 0.334375 0.537962962962963
0 0.20416666666666666 0.537962962962963 0.20416666666666666 0.48055555555555557 0.17291666666666666 0.48055555555555557 0.17291666666666666 0.537962962962963 0.20416666666666666 0.537962962962963
0 0.284375 0.29907407407407405 0.284375 0.2564814814814815 0.25729166666666664 0.2564814814814815 0.25729166666666664 0.29907407407407405 0.284375 0.29907407407407405
0 0.353125 0.3638888888888889 0.353125 0.3175925925925926 0.321875 0.3175925925925926 0.321875 0.3638888888888889 0.353125 0.3638888888888889