0 0.1390625 0.17407407407407408 0.1390625 0.08148148148148149 0.058854166666666666 0.08148148148148149 0.058854166666666666 0.17407407407407408 0.1390625 0.17407407407407408
0 0.14010416666666667 0.2814814814814815 0.14010416666666667 0.18888888888888888 0.049479166666666664 0.18888888888888888 0.049479166666666664 0.2814814814814815 0.14010416666666667 0.2814814814814815
0 0.40260416666666665 0.4759259259259259 0.40260416666666665 0.30185185185185187 0.2859375 0.30185185185185187 0.2859375 0.4759259259259259 0.40260416666666665 0.4759259259259259
0 0.4317708333333333 0.19444444444444445 0.4317708333333333 0.07592592592592592 0.3515625 0.07592592592592592 0.3515625 0.19444444444444445 0.4317708333333333 0.19444444444444445
0 0.3932291666666667 0.06296296296296296 0.3932291666666667 0.02962962962962963 0.3494791666666667 0.02962962962962963 0.3494791666666667 0.06296296296296296 0.3932291666666667 0.06296296296296296
0 0.4828125 0.10925925925925926 0.4828125 0.016666666666666666 0.4348958333333333 0.016666666666666666 0.4348958333333333 0.10925925925925926 0.4828125 0.10925925925925926
0 0.5765625 0.42777777777777776 0.5765625 0.3333333333333333 0.5203125 0.3333333333333333 0.5203125 0.42777777777777776 0.5765625 0.42777777777777776
0 0.6526041666666667 0.16111111111111112 0.6526041666666667 0.0962962962962963 0.6036458333333333 0.0962962962962963 0.6036458333333333 0.16111111111111112 0.6526041666666667 0.16111111111111112
0 0.6869791666666667 0.32592592592592595 0.6869791666666667 0.24814814814814815 0.6505208333333333 0.24814814814814815 0.6505208333333333 0.32592592592592595 0.6869791666666667 0.32592592592592595
0 0.7390625 0.30925925925925923 0.7390625 0.2462962962962963 0.7036458333333333 0.2462962962962963 0.7036458333333333 0.30925925925925923 0.7390625 0.30925925925925923
0 0.8286458333333333 0.21666666666666667 0.8286458333333333 0.17407407407407408 0.8067708333333333 0.17407407407407408 0.8067708333333333 0.21666666666666667 0.8286458333333333 0.21666666666666667
0 0.8567708333333334 0.15185185185185185 0.8567708333333334 0.11666666666666667 0.8276041666666667 0.11666666666666667 0.8276041666666667 0.15185185185185185 0.8567708333333334 0.15185185185185185