0 0.14010416666666667 0.20185185185185187 0.14010416666666667 0.1 0.05364583333333333 0.1 0.05364583333333333 0.20185185185185187 0.14010416666666667 0.20185185185185187
0 0.12552083333333333 0.30185185185185187 0.12552083333333333 0.20925925925925926 0.0328125 0.20925925925925926 0.0328125 0.30185185185185187 0.12552083333333333 0.30185185185185187
0 0.42552083333333335 0.20555555555555555 0.42552083333333335 0.1037037037037037 0.3453125 0.1037037037037037 0.3453125 0.20555555555555555 0.42552083333333335 0.20555555555555555
0 0.4036458333333333 0.09259259259259259 0.4036458333333333 0.05 0.3609375 0.05 0.3609375 0.09259259259259259 0.4036458333333333 0.09259259259259259
0 0.4921875 0.15 0.4921875 0.03888888888888889 0.44947916666666665 0.03888888888888889 0.44947916666666665 0.15 0.4921875 0.15
0 0.36822916666666666 0.5092592592592593 0.36822916666666666 0.35555555555555557 0.24114583333333334 0.35555555555555557 0.24114583333333334 0.5092592592592593 0.36822916666666666 0.5092592592592593
0 0.23046875 1 0.23046875 0.8537037037037037 0.09947916666666666 0.8537037037037037 0.09947916666666666 1 0.23046875 1
0 0.5505208333333333 0.45740740740740743 0.5505208333333333 0.37777777777777777 0.49114583333333334 0.37777777777777777 0.49114583333333334 0.45740740740740743 0.5505208333333333 0.45740740740740743
0 0.6921875 0.36666666666666664 0.6921875 0.2851851851851852 0.6557291666666667 0.2851851851851852 0.6557291666666667 0.36666666666666664 0.6921875 0.36666666666666664
0 0.6671875 0.19074074074074074 0.6671875 0.12777777777777777 0.6171875 0.12777777777777777 0.6171875 0.19074074074074074 0.6671875 0.19074074074074074
0 0.7546875 0.3537037037037037 0.7546875 0.29074074074074074 0.7192708333333333 0.29074074074074074 0.7192708333333333 0.3537037037037037 0.7546875 0.3537037037037037
0 0.8567708333333334 0.2574074074074074 0.8567708333333334 0.21851851851851853 0.8296875 0.21851851851851853 0.8296875 0.2574074074074074 0.8567708333333334 0.2574074074074074
0 0.8890625 0.19074074074074074 0.8890625 0.14814814814814814 0.8630208333333333 0.14814814814814814 0.8630208333333333 0.19074074074074074 0.8890625 0.19074074074074074