0 0.2546875 0.7796296296296297 0.2546875 0.6333333333333333 0.17135416666666667 0.6333333333333333 0.17135416666666667 0.7796296296296297 0.2546875 0.7796296296296297
0 0.4401041666666667 0.6203703703703703 0.4401041666666667 0.47962962962962963 0.3494791666666667 0.47962962962962963 0.3494791666666667 0.6203703703703703 0.4401041666666667 0.6203703703703703
0 0.34427083333333336 0.512962962962963 0.34427083333333336 0.37777777777777777 0.25885416666666666 0.37777777777777777 0.25885416666666666 0.512962962962963 0.34427083333333336 0.512962962962963
0 0.13385416666666666 0.5333333333333333 0.13385416666666666 0.46296296296296297 0.0640625 0.46296296296296297 0.0640625 0.5333333333333333 0.13385416666666666 0.5333333333333333
0 0.11822916666666666 0.3314814814814815 0.11822916666666666 0.29814814814814816 0.09114583333333333 0.29814814814814816 0.09114583333333333 0.3314814814814815 0.11822916666666666 0.3314814814814815
0 0.13072916666666667 0.37592592592592594 0.13072916666666667 0.337037037037037 0.1015625 0.337037037037037 0.1015625 0.37592592592592594 0.13072916666666667 0.37592592592592594
0 0.2765625 0.3055555555555556 0.2765625 0.24259259259259258 0.2484375 0.24259259259259258 0.2484375 0.3055555555555556 0.2765625 0.3055555555555556
0 0.3203125 0.31296296296296294 0.3203125 0.2574074074074074 0.2859375 0.2574074074074074 0.2859375 0.31296296296296294 0.3203125 0.31296296296296294
0 0.4505208333333333 0.34074074074074073 0.4505208333333333 0.28888888888888886 0.4296875 0.28888888888888886 0.4296875 0.34074074074074073 0.4505208333333333 0.34074074074074073
0 0.47239583333333335 0.4888888888888889 0.47239583333333335 0.4425925925925926 0.4453125 0.4425925925925926 0.4453125 0.4888888888888889 0.47239583333333335 0.4888888888888889
0 0.7473958333333334 0.2777777777777778 0.7473958333333334 0.24259259259259258 0.7244791666666667 0.24259259259259258 0.7244791666666667 0.2777777777777778 0.7473958333333334 0.2777777777777778
0 0.17239583333333333 0.1962962962962963 0.17239583333333333 0.14074074074074075 0.14322916666666666 0.14074074074074075 0.14322916666666666 0.1962962962962963 0.17239583333333333 0.1962962962962963
0 0.6880208333333333 0.2796296296296296 0.6880208333333333 0.23333333333333334 0.6651041666666667 0.23333333333333334 0.6651041666666667 0.2796296296296296 0.6880208333333333 0.2796296296296296