0 0.0921875 0.37962962962962965 0.0921875 0.2574074074074074 0.0005208333333333333 0.2574074074074074 0.0005208333333333333 0.37962962962962965 0.0921875 0.37962962962962965
0 0.4734375 0.3851851851851852 0.4734375 0.29074074074074074 0.4088541666666667 0.29074074074074074 0.4088541666666667 0.3851851851851852 0.4734375 0.3851851851851852
0 0.4734375 0.6814814814814815 0.4734375 0.5537037037037037 0.36822916666666666 0.5537037037037037 0.36822916666666666 0.6814814814814815 0.4734375 0.6814814814814815
0 0.3515625 0.22592592592592592 0.3515625 0.18888888888888888 0.2984375 0.18888888888888888 0.2984375 0.22592592592592592 0.3515625 0.22592592592592592
0 0.7463541666666667 0.4925925925925926 0.7463541666666667 0.43148148148148147 0.7161458333333334 0.43148148148148147 0.7161458333333334 0.4925925925925926 0.7463541666666667 0.4925925925925926
0 0.4817708333333333 0.2796296296296296 0.4817708333333333 0.24259259259259258 0.4588541666666667 0.24259259259259258 0.4588541666666667 0.2796296296296296 0.4817708333333333 0.2796296296296296
0 0.4192708333333333 0.17592592592592593 0.4192708333333333 0.15185185185185185 0.4036458333333333 0.15185185185185185 0.4036458333333333 0.17592592592592593 0.4192708333333333 0.17592592592592593
0 0.6859375 0.412962962962963 0.6859375 0.3814814814814815 0.6671875 0.3814814814814815 0.6671875 0.412962962962963 0.6859375 0.412962962962963
0 0.6203125 0.37592592592592594 0.6203125 0.3425925925925926 0.5984375 0.3425925925925926 0.5984375 0.37592592592592594 0.6203125 0.37592592592592594
0 0.5911458333333334 0.34814814814814815 0.5911458333333334 0.31666666666666665 0.5713541666666667 0.31666666666666665 0.5713541666666667 0.34814814814814815 0.5911458333333334 0.34814814814814815
0 0.5609375 0.35185185185185186 0.5609375 0.31851851851851853 0.5411458333333333 0.31851851851851853 0.5411458333333333 0.35185185185185186 0.5609375 0.35185185185185186
0 0.7963541666666667 0.3333333333333333 0.7963541666666667 0.29444444444444445 0.7682291666666666 0.29444444444444445 0.7682291666666666 0.3333333333333333 0.7963541666666667 0.3333333333333333
0 0.41822916666666665 0.2222222222222222 0.41822916666666665 0.19444444444444445 0.3932291666666667 0.19444444444444445 0.3932291666666667 0.2222222222222222 0.41822916666666665 0.2222222222222222