0 0.14947916666666666 0.26296296296296295 0.14947916666666666 0.13703703703703704 0.0765625 0.13703703703703704 0.0765625 0.26296296296296295 0.14947916666666666 0.26296296296296295
0 0.4088541666666667 0.5907407407407408 0.4088541666666667 0.4351851851851852 0.30364583333333334 0.4351851851851852 0.30364583333333334 0.5907407407407408 0.4088541666666667 0.5907407407407408
0 0.2734375 0.2611111111111111 0.2734375 0.1574074074074074 0.20677083333333332 0.1574074074074074 0.20677083333333332 0.2611111111111111 0.2734375 0.2611111111111111
0 0.23177083333333334 0.34814814814814815 0.23177083333333334 0.26666666666666666 0.17135416666666667 0.26666666666666666 0.17135416666666667 0.34814814814814815 0.23177083333333334 0.34814814814814815
0 0.5255208333333333 0.28703703703703703 0.5255208333333333 0.17222222222222222 0.44947916666666665 0.17222222222222222 0.44947916666666665 0.28703703703703703 0.5255208333333333 0.28703703703703703
0 0.5411458333333333 0.16296296296296298 0.5411458333333333 0.1037037037037037 0.5015625 0.1037037037037037 0.5015625 0.16296296296296298 0.5411458333333333 0.16296296296296298
0 0.6088541666666667 0.20925925925925926 0.6088541666666667 0.16111111111111112 0.5755208333333334 0.16111111111111112 0.5755208333333334 0.20925925925925926 0.6088541666666667 0.20925925925925926
0 0.6369791666666667 0.15925925925925927 0.6369791666666667 0.1111111111111111 0.5859375 0.1111111111111111 0.5859375 0.15925925925925927 0.6369791666666667 0.15925925925925927
0 0.6140625 0.6129629629629629 0.6140625 0.49074074074074076 0.5578125 0.49074074074074076 0.5578125 0.6129629629629629 0.6140625 0.6129629629629629
0 0.8317708333333333 0.2851851851851852 0.8317708333333333 0.21296296296296297 0.7671875 0.21296296296296297 0.7671875 0.2851851851851852 0.8317708333333333 0.2851851851851852
0 0.8213541666666667 0.48703703703703705 0.8213541666666667 0.40185185185185185 0.7786458333333334 0.40185185185185185 0.7786458333333334 0.48703703703703705 0.8213541666666667 0.48703703703703705
0 0.9151041666666667 0.49074074074074076 0.9151041666666667 0.412962962962963 0.8786458333333333 0.412962962962963 0.8786458333333333 0.49074074074074076 0.9151041666666667 0.49074074074074076
0 0.050520833333333334 0.22407407407407406 0.050520833333333334 0.1648148148148148 0.008854166666666666 0.1648148148148148 0.008854166666666666 0.22407407407407406 0.050520833333333334 0.22407407407407406