0 0.5458333333333333 0.8469135802469135 0.5458333333333333 0.6592592592592592 0.44722222222222224 0.6592592592592592 0.44722222222222224 0.8469135802469135 0.5458333333333333 0.8469135802469135
0 0.44166666666666665 0.9703703703703703 0.44166666666666665 0.7703703703703704 0.3402777777777778 0.7703703703703704 0.3402777777777778 0.9703703703703703 0.44166666666666665 0.9703703703703703
0 0.17083333333333334 0.9407407407407408 0.17083333333333334 0.7580246913580246 0.06944444444444445 0.7580246913580246 0.06944444444444445 0.9407407407407408 0.17083333333333334 0.9407407407407408
0 0.23194444444444445 1 0.23194444444444445 0.8395061728395061 0.15555555555555556 0.8395061728395061 0.15555555555555556 1 0.23194444444444445 1
0 0.42916666666666664 0.745679012345679 0.42916666666666664 0.5851851851851851 0.3416666666666667 0.5851851851851851 0.3416666666666667 0.745679012345679 0.42916666666666664 0.745679012345679
0 0.475 0.28641975308641976 0.475 0.05925925925925926 0.32222222222222224 0.05925925925925926 0.32222222222222224 0.28641975308641976 0.475 0.28641975308641976
0 0.2652777777777778 0.2716049382716049 0.2652777777777778 0.08395061728395062 0.1388888888888889 0.08395061728395062 0.1388888888888889 0.2716049382716049 0.2652777777777778 0.2716049382716049
0 0.6847222222222222 0.34814814814814815 0.6847222222222222 0.12345679012345678 0.5138888888888888 0.12345679012345678 0.5138888888888888 0.34814814814814815 0.6847222222222222 0.34814814814814815
0 0.7722222222222223 0.6197530864197531 0.7722222222222223 0.4469135802469136 0.6513888888888889 0.4469135802469136 0.6513888888888889 0.6197530864197531 0.7722222222222223 0.6197530864197531
0 0.10694444444444444 0.24691358024691357 0.10694444444444444 0.08395061728395062 0.013888888888888888 0.08395061728395062 0.013888888888888888 0.24691358024691357 0.10694444444444444 0.24691358024691357
0 0.1597222222222222 0.4617283950617284 0.1597222222222222 0.30864197530864196 0.08194444444444444 0.30864197530864196 0.08194444444444444 0.4617283950617284 0.1597222222222222 0.4617283950617284