0 0.31147208121827413 0.1565625 0.4188832487309645 0.2640234375
0 0.30710659898477155 0.3353515625 0.40050761421319797 0.20121093749999996
0 0.2882741116751269 0.488671875 0.2951269035532995 0.21023437499999997
0 0.10192893401015228 0.4644921875 0.2038071065989848 0.19906249999999998
0 0.6649746192893401 0.8671875 0.34517766497461927 0.265625
0 0.2469035532994924 0.8725390625 0.30436548223350257 0.25249999999999995
0 0.6844162436548225 0.5772265625 0.2994416243654823 0.19390624999999995
0 0.5816751269035533 0.40828125000000004 0.4082233502538072 0.21316406250000003
0 0.7709137055837564 0.2244921875 0.3854822335025381 0.2473046875
0 0.850253807106599 0.58984375 0.29949238578680204 0.171875
0 0.8422842639593909 0.755859375 0.3154314720812182 0.2833203124999999