0 0.27361111111111114 0.30617283950617286 0.27361111111111114 0.13580246913580246 0.14722222222222223 0.13580246913580246 0.14722222222222223 0.30617283950617286 0.27361111111111114 0.30617283950617286
0 0.2611111111111111 0.8246913580246914 0.2611111111111111 0.582716049382716 0.1111111111111111 0.582716049382716 0.1111111111111111 0.8246913580246914 0.2611111111111111 0.8246913580246914
0 0.4166666666666667 0.7802469135802469 0.4166666666666667 0.5111111111111111 0.2791666666666667 0.5111111111111111 0.2791666666666667 0.7802469135802469 0.4166666666666667 0.7802469135802469
0 0.37083333333333335 1 0.37083333333333335 0.7580246913580246 0.1986111111111111 0.7580246913580246 0.1986111111111111 1 0.37083333333333335 1
0 0.5069444444444444 0.6493827160493827 0.5069444444444444 0.41728395061728396 0.39305555555555555 0.41728395061728396 0.39305555555555555 0.6493827160493827 0.5069444444444444 0.6493827160493827
0 0.6194444444444445 0.7407407407407407 0.6194444444444445 0.5037037037037037 0.5027777777777778 0.5037037037037037 0.5027777777777778 0.7407407407407407 0.6194444444444445 0.7407407407407407
0 0.5263888888888889 0.9234567901234568 0.5263888888888889 0.6987654320987654 0.3902777777777778 0.6987654320987654 0.3902777777777778 0.9234567901234568 0.5263888888888889 0.9234567901234568
0 0.7986111111111112 0.7876543209876543 0.7986111111111112 0.6074074074074074 0.6986111111111111 0.6074074074074074 0.6986111111111111 0.7876543209876543 0.7986111111111112 0.7876543209876543
0 0.8444444444444444 0.5160493827160494 0.8444444444444444 0.34074074074074073 0.7236111111111111 0.34074074074074073 0.7236111111111111 0.5160493827160494 0.8444444444444444 0.5160493827160494
0 0.8666666666666667 0.9308641975308642 0.8666666666666667 0.7481481481481481 0.7638888888888888 0.7481481481481481 0.7638888888888888 0.9308641975308642 0.8666666666666667 0.9308641975308642
0 0.5361111111111111 0.15555555555555556 0.5361111111111111 0.0049382716049382715 0.45416666666666666 0.0049382716049382715 0.45416666666666666 0.15555555555555556 0.5361111111111111 0.15555555555555556
0 0.6680555555555555 0.06419753086419754 0.6680555555555555 0.0024691358024691358 0.5861111111111111 0.0024691358024691358 0.5861111111111111 0.06419753086419754 0.6680555555555555 0.06419753086419754
0 0.05694444444444444 0.44938271604938274 0.05694444444444444 0.30864197530864196 0.001388888888888889 0.30864197530864196 0.001388888888888889 0.44938271604938274 0.05694444444444444 0.44938271604938274