0 0.5430555555555555 0.9358024691358025 0.5430555555555555 0.7135802469135802 0.4375 0.7135802469135802 0.4375 0.9358024691358025 0.5430555555555555 0.9358024691358025
0 0.7458333333333333 1 0.7458333333333333 0.8148148148148148 0.6513888888888889 0.8148148148148148 0.6513888888888889 1 0.7458333333333333 1
0 0.5805555555555556 0.6790123456790124 0.5805555555555556 0.508641975308642 0.49444444444444446 0.508641975308642 0.49444444444444446 0.6790123456790124 0.5805555555555556 0.6790123456790124
0 0.65 0.5333333333333333 0.65 0.37777777777777777 0.5777777777777777 0.37777777777777777 0.5777777777777777 0.5333333333333333 0.65 0.5333333333333333
0 0.6902777777777778 0.43950617283950616 0.6902777777777778 0.3234567901234568 0.6416666666666667 0.3234567901234568 0.6416666666666667 0.43950617283950616 0.6902777777777778 0.43950617283950616
0 0.5861111111111111 0.3950617283950617 0.5861111111111111 0.24444444444444444 0.5069444444444444 0.24444444444444444 0.5069444444444444 0.3950617283950617 0.5861111111111111 0.3950617283950617
0 0.5569444444444445 0.5111111111111111 0.5569444444444445 0.36790123456790125 0.4875 0.36790123456790125 0.4875 0.5111111111111111 0.5569444444444445 0.5111111111111111
0 0.49027777777777776 0.3950617283950617 0.49027777777777776 0.21481481481481482 0.40694444444444444 0.21481481481481482 0.40694444444444444 0.3950617283950617 0.49027777777777776 0.3950617283950617
0 0.4125 0.6592592592592592 0.4125 0.45925925925925926 0.29444444444444445 0.45925925925925926 0.29444444444444445 0.6592592592592592 0.4125 0.6592592592592592
0 0.2875 0.9061728395061729 0.2875 0.6123456790123457 0.12083333333333333 0.6123456790123457 0.12083333333333333 0.9061728395061729 0.2875 0.9061728395061729
0 0.3458333333333333 1 0.3458333333333333 0.8790123456790123 0.24305555555555555 0.8790123456790123 0.24305555555555555 1 0.3458333333333333 1
0 0.1638888888888889 0.5456790123456791 0.1638888888888889 0.38765432098765434 0.06666666666666667 0.38765432098765434 0.06666666666666667 0.5456790123456791 0.1638888888888889 0.5456790123456791
0 0.24166666666666667 0.37037037037037035 0.24166666666666667 0.14074074074074075 0.13333333333333333 0.14074074074074075 0.13333333333333333 0.37037037037037035 0.24166666666666667 0.37037037037037035
0 0.2833333333333333 0.562962962962963 0.2833333333333333 0.37530864197530867 0.18055555555555555 0.37530864197530867 0.18055555555555555 0.562962962962963 0.2833333333333333 0.562962962962963
0 0.3875 0.454320987654321 0.3875 0.25925925925925924 0.2763888888888889 0.25925925925925924 0.2763888888888889 0.454320987654321 0.3875 0.454320987654321
0 0.38055555555555554 0.254320987654321 0.38055555555555554 0.07654320987654321 0.2847222222222222 0.07654320987654321 0.2847222222222222 0.254320987654321 0.38055555555555554 0.254320987654321
0 0.6791666666666667 0.3111111111111111 0.6791666666666667 0.19753086419753085 0.6013888888888889 0.19753086419753085 0.6013888888888889 0.3111111111111111 0.6791666666666667 0.3111111111111111