0 0.45416666666666666 0.5209876543209877 0.45416666666666666 0.35802469135802467 0.3597222222222222 0.35802469135802467 0.3597222222222222 0.5209876543209877 0.45416666666666666 0.5209876543209877
0 0.5597222222222222 0.7061728395061728 0.5597222222222222 0.5259259259259259 0.45555555555555555 0.5259259259259259 0.45555555555555555 0.7061728395061728 0.5597222222222222 0.7061728395061728
0 0.3347222222222222 0.9506172839506173 0.3347222222222222 0.762962962962963 0.2222222222222222 0.762962962962963 0.2222222222222222 0.9506172839506173 0.3347222222222222 0.9506172839506173
0 0.4527777777777778 1 0.4527777777777778 0.9111111111111111 0.33055555555555555 0.9111111111111111 0.33055555555555555 1 0.4527777777777778 1
0 0.10138888888888889 1 0.10138888888888889 0.8246913580246914 0.001388888888888889 0.8246913580246914 0.001388888888888889 1 0.10138888888888889 1
0 0.2111111111111111 0.7308641975308642 0.2111111111111111 0.4962962962962963 0.059722222222222225 0.4962962962962963 0.059722222222222225 0.7308641975308642 0.2111111111111111 0.7308641975308642
0 0.15833333333333333 0.5333333333333333 0.15833333333333333 0.36049382716049383 0.04861111111111111 0.36049382716049383 0.04861111111111111 0.5333333333333333 0.15833333333333333 0.5333333333333333
0 0.26805555555555555 0.5185185185185185 0.26805555555555555 0.4024691358024691 0.19305555555555556 0.4024691358024691 0.19305555555555556 0.5185185185185185 0.26805555555555555 0.5185185185185185
0 0.3277777777777778 0.671604938271605 0.3277777777777778 0.49876543209876545 0.24305555555555555 0.49876543209876545 0.24305555555555555 0.671604938271605 0.3277777777777778 0.671604938271605
0 0.3277777777777778 0.39753086419753086 0.3277777777777778 0.27901234567901234 0.24166666666666667 0.27901234567901234 0.24166666666666667 0.39753086419753086 0.3277777777777778 0.39753086419753086
0 0.05277777777777778 0.6345679012345679 0.05277777777777778 0.43209876543209874 0.001388888888888889 0.43209876543209874 0.001388888888888889 0.6345679012345679 0.05277777777777778 0.6345679012345679
0 0.32916666666666666 0.2123456790123457 0.32916666666666666 0.09382716049382717 0.25 0.09382716049382717 0.25 0.2123456790123457 0.32916666666666666 0.2123456790123457
0 0.40694444444444444 0.1580246913580247 0.40694444444444444 0.04938271604938271 0.34444444444444444 0.04938271604938271 0.34444444444444444 0.1580246913580247 0.40694444444444444 0.1580246913580247