0 0.22083333333333333 0.9185185185185185 0.22083333333333333 0.7555555555555555 0.10972222222222222 0.7555555555555555 0.10972222222222222 0.9185185185185185 0.22083333333333333 0.9185185185185185
0 0.49444444444444446 0.6493827160493827 0.49444444444444446 0.49135802469135803 0.4027777777777778 0.49135802469135803 0.4027777777777778 0.6493827160493827 0.49444444444444446 0.6493827160493827
0 0.4791666666666667 0.8518518518518519 0.4791666666666667 0.671604938271605 0.36944444444444446 0.671604938271605 0.36944444444444446 0.8518518518518519 0.4791666666666667 0.8518518518518519
0 0.10277777777777777 0.5185185185185185 0.10277777777777777 0.37530864197530867 0.025 0.37530864197530867 0.025 0.5185185185185185 0.10277777777777777 0.5185185185185185
0 0.6138888888888889 0.9629629629629629 0.6138888888888889 0.7728395061728395 0.49444444444444446 0.7728395061728395 0.49444444444444446 0.9629629629629629 0.6138888888888889 0.9629629629629629
0 0.575 0.7925925925925926 0.575 0.6320987654320988 0.4791666666666667 0.6320987654320988 0.4791666666666667 0.7925925925925926 0.575 0.7925925925925926
0 0.9944444444444445 1 0.9944444444444445 0.8246913580246914 0.8611111111111112 0.8246913580246914 0.8611111111111112 1 0.9944444444444445 1
0 0.6833333333333333 0.6 0.6833333333333333 0.4765432098765432 0.6027777777777777 0.4765432098765432 0.6027777777777777 0.6 0.6833333333333333 0.6
0 0.8388888888888889 0.7679012345679013 0.8388888888888889 0.5975308641975309 0.7375 0.5975308641975309 0.7375 0.7679012345679013 0.8388888888888889 0.7679012345679013
0 0.7555555555555555 0.3160493827160494 0.7555555555555555 0.2123456790123457 0.6944444444444444 0.2123456790123457 0.6944444444444444 0.3160493827160494 0.7555555555555555 0.3160493827160494
0 0.675 0.37777777777777777 0.675 0.26666666666666666 0.6055555555555555 0.26666666666666666 0.6055555555555555 0.37777777777777777 0.675 0.37777777777777777