0 0.2388888888888889 0.45925925925925926 0.2388888888888889 0.2839506172839506 0.13055555555555556 0.2839506172839506 0.13055555555555556 0.45925925925925926 0.2388888888888889 0.45925925925925926
0 0.44305555555555554 0.38765432098765434 0.44305555555555554 0.2 0.3472222222222222 0.2 0.3472222222222222 0.38765432098765434 0.44305555555555554 0.38765432098765434
0 0.6347222222222222 0.21975308641975308 0.6347222222222222 0.012345679012345678 0.5319444444444444 0.012345679012345678 0.5319444444444444 0.21975308641975308 0.6347222222222222 0.21975308641975308
0 0.7152777777777778 0.12098765432098765 0.7152777777777778 0.007407407407407408 0.6486111111111111 0.007407407407407408 0.6486111111111111 0.12098765432098765 0.7152777777777778 0.12098765432098765
0 0.8444444444444444 0.18765432098765433 0.8444444444444444 0.02962962962962963 0.7569444444444444 0.02962962962962963 0.7569444444444444 0.18765432098765433 0.8444444444444444 0.18765432098765433
0 0.8458333333333333 0.5975308641975309 0.8458333333333333 0.41975308641975306 0.7569444444444444 0.41975308641975306 0.7569444444444444 0.5975308641975309 0.8458333333333333 0.5975308641975309
0 0.7402777777777778 0.9037037037037037 0.7402777777777778 0.7160493827160493 0.6569444444444444 0.7160493827160493 0.6569444444444444 0.9037037037037037 0.7402777777777778 0.9037037037037037
0 0.8263888888888888 0.7802469135802469 0.8263888888888888 0.6296296296296297 0.7388888888888889 0.6296296296296297 0.7388888888888889 0.7802469135802469 0.8263888888888888 0.7802469135802469
0 0.8777777777777778 0.8765432098765432 0.8777777777777778 0.7358024691358025 0.8111111111111111 0.7358024691358025 0.8111111111111111 0.8765432098765432 0.8777777777777778 0.8765432098765432
0 0.9013888888888889 0.7086419753086419 0.9013888888888889 0.5604938271604938 0.8277777777777777 0.5604938271604938 0.8277777777777777 0.7086419753086419 0.9013888888888889 0.7086419753086419
0 0.9083333333333333 0.5654320987654321 0.9083333333333333 0.43950617283950616 0.8486111111111111 0.43950617283950616 0.8486111111111111 0.5654320987654321 0.9083333333333333 0.5654320987654321
0 0.9319444444444445 0.4419753086419753 0.9319444444444445 0.3234567901234568 0.8638888888888889 0.3234567901234568 0.8638888888888889 0.4419753086419753 0.9319444444444445 0.4419753086419753
0 0.8402777777777778 0.41728395061728396 0.8402777777777778 0.2691358024691358 0.7680555555555556 0.2691358024691358 0.7680555555555556 0.41728395061728396 0.8402777777777778 0.41728395061728396