0 0.14322916666666666 0.06018518518518518 0.14322916666666666 0.017592592592592594 0.11328125 0.017592592592592594 0.11328125 0.06018518518518518 0.14322916666666666 0.06018518518518518
0 0.047135416666666666 0.5398148148148149 0.047135416666666666 0.47453703703703703 0.008333333333333333 0.47453703703703703 0.008333333333333333 0.5398148148148149 0.047135416666666666 0.5398148148148149
0 0.20208333333333334 0.2657407407407407 0.20208333333333334 0.16805555555555557 0.14921875 0.16805555555555557 0.14921875 0.2657407407407407 0.20208333333333334 0.2657407407407407
0 0.24817708333333333 0.7856481481481481 0.24817708333333333 0.5777777777777777 0.11588541666666667 0.5777777777777777 0.11588541666666667 0.7856481481481481 0.24817708333333333 0.7856481481481481
0 0.2708333333333333 0.6361111111111111 0.2708333333333333 0.5504629629629629 0.21536458333333333 0.5504629629629629 0.21536458333333333 0.6361111111111111 0.2708333333333333 0.6361111111111111
0 0.32890625 0.11481481481481481 0.32890625 0.06481481481481481 0.30026041666666664 0.06481481481481481 0.30026041666666664 0.11481481481481481 0.32890625 0.11481481481481481
0 0.38177083333333334 0.1337962962962963 0.38177083333333334 0.07916666666666666 0.3455729166666667 0.07916666666666666 0.3455729166666667 0.1337962962962963 0.38177083333333334 0.1337962962962963
0 0.4796875 0.06712962962962964 0.4796875 0.010185185185185186 0.4471354166666667 0.010185185185185186 0.4471354166666667 0.06712962962962964 0.4796875 0.06712962962962964
0 0.5231770833333333 0.04722222222222222 0.5231770833333333 0.004166666666666667 0.49114583333333334 0.004166666666666667 0.49114583333333334 0.04722222222222222 0.5231770833333333 0.04722222222222222
0 0.51328125 0.15416666666666667 0.51328125 0.11018518518518519 0.490625 0.11018518518518519 0.490625 0.15416666666666667 0.51328125 0.15416666666666667
0 0.5565104166666667 0.1398148148148148 0.5565104166666667 0.07453703703703704 0.51796875 0.07453703703703704 0.51796875 0.1398148148148148 0.5565104166666667 0.1398148148148148
0 0.6059895833333333 0.06388888888888888 0.6059895833333333 0.020833333333333332 0.5752604166666667 0.020833333333333332 0.5752604166666667 0.06388888888888888 0.6059895833333333 0.06388888888888888
0 0.6359375 0.1125 0.6359375 0.04953703703703704 0.60390625 0.04953703703703704 0.60390625 0.1125 0.6359375 0.1125
0 0.5333333333333333 0.4185185185185185 0.5333333333333333 0.37824074074074077 0.5104166666666666 0.37824074074074077 0.5104166666666666 0.4185185185185185 0.5333333333333333 0.4185185185185185