0 0.08854166666666667 0.2111111111111111 0.08854166666666667 0.14907407407407408 0.03046875 0.14907407407407408 0.03046875 0.2111111111111111 0.08854166666666667 0.2111111111111111
0 0.12916666666666668 0.449537037037037 0.12916666666666668 0.35 0.07109375 0.35 0.07109375 0.449537037037037 0.12916666666666668 0.449537037037037
0 0.3143229166666667 0.5930555555555556 0.3143229166666667 0.475462962962963 0.23932291666666666 0.475462962962963 0.23932291666666666 0.5930555555555556 0.3143229166666667 0.5930555555555556
0 0.4203125 0.4888888888888889 0.4203125 0.399537037037037 0.36302083333333335 0.399537037037037 0.36302083333333335 0.4888888888888889 0.4203125 0.4888888888888889
0 0.5078125 0.675 0.5078125 0.5953703703703703 0.43984375 0.5953703703703703 0.43984375 0.675 0.5078125 0.675
0 0.31692708333333336 0.22870370370370371 0.31692708333333336 0.15138888888888888 0.26223958333333336 0.15138888888888888 0.26223958333333336 0.22870370370370371 0.31692708333333336 0.22870370370370371
0 0.3302083333333333 0.14074074074074075 0.3302083333333333 0.10277777777777777 0.3020833333333333 0.10277777777777777 0.3020833333333333 0.14074074074074075 0.3302083333333333 0.14074074074074075
0 0.54921875 0.3439814814814815 0.54921875 0.27037037037037037 0.5018229166666667 0.27037037037037037 0.5018229166666667 0.3439814814814815 0.54921875 0.3439814814814815
0 0.6080729166666666 0.20046296296296295 0.6080729166666666 0.1625 0.5838541666666667 0.1625 0.5838541666666667 0.20046296296296295 0.6080729166666666 0.20046296296296295
0 0.7096354166666666 0.18935185185185185 0.7096354166666666 0.1597222222222222 0.6888020833333334 0.1597222222222222 0.6888020833333334 0.18935185185185185 0.7096354166666666 0.18935185185185185
0 0.69609375 0.30694444444444446 0.69609375 0.25833333333333336 0.6682291666666667 0.25833333333333336 0.6682291666666667 0.30694444444444446 0.69609375 0.30694444444444446
0 0.72890625 0.4078703703703704 0.72890625 0.36527777777777776 0.7028645833333333 0.36527777777777776 0.7028645833333333 0.4078703703703704 0.72890625 0.4078703703703704
0 0.7848958333333333 0.4648148148148148 0.7848958333333333 0.4101851851851852 0.7575520833333333 0.4101851851851852 0.7575520833333333 0.4648148148148148 0.7848958333333333 0.4648148148148148
0 0.8182291666666667 0.5087962962962963 0.8182291666666667 0.4722222222222222 0.7895833333333333 0.4722222222222222 0.7895833333333333 0.5087962962962963 0.8182291666666667 0.5087962962962963
0 0.7822916666666667 0.5791666666666667 0.7822916666666667 0.5231481481481481 0.7416666666666667 0.5231481481481481 0.7416666666666667 0.5791666666666667 0.7822916666666667 0.5791666666666667