0 0.14722222222222223 0.5037037037037037 0.14722222222222223 0.2938271604938272 0.008333333333333333 0.2938271604938272 0.008333333333333333 0.5037037037037037 0.14722222222222223 0.5037037037037037
0 0.26944444444444443 0.9111111111111111 0.26944444444444443 0.6419753086419753 0.11666666666666667 0.6419753086419753 0.11666666666666667 0.9111111111111111 0.26944444444444443 0.9111111111111111
0 0.30277777777777776 1 0.30277777777777776 0.9037037037037037 0.20416666666666666 0.9037037037037037 0.20416666666666666 1 0.30277777777777776 1
0 0.1486111111111111 0.17777777777777778 0.1486111111111111 0.05185185185185185 0.06388888888888888 0.05185185185185185 0.06388888888888888 0.17777777777777778 0.1486111111111111 0.17777777777777778
0 0.3125 0.2938271604938272 0.3125 0.1654320987654321 0.225 0.1654320987654321 0.225 0.2938271604938272 0.3125 0.2938271604938272
0 0.4375 0.2716049382716049 0.4375 0.14074074074074075 0.3486111111111111 0.14074074074074075 0.3486111111111111 0.2716049382716049 0.4375 0.2716049382716049
0 0.5541666666666667 0.26666666666666666 0.5541666666666667 0.14814814814814814 0.48333333333333334 0.14814814814814814 0.48333333333333334 0.26666666666666666 0.5541666666666667 0.26666666666666666
0 0.6305555555555555 0.34814814814814815 0.6305555555555555 0.21481481481481482 0.5486111111111112 0.21481481481481482 0.5486111111111112 0.34814814814814815 0.6305555555555555 0.34814814814814815
0 0.6722222222222223 0.5185185185185185 0.6722222222222223 0.36049382716049383 0.5652777777777778 0.36049382716049383 0.5652777777777778 0.5185185185185185 0.6722222222222223 0.5185185185185185
0 0.7041666666666667 0.7012345679012346 0.7041666666666667 0.5407407407407407 0.5986111111111111 0.5407407407407407 0.5986111111111111 0.7012345679012346 0.7041666666666667 0.7012345679012346
0 0.7972222222222223 0.7308641975308642 0.7972222222222223 0.6 0.7194444444444444 0.6 0.7194444444444444 0.7308641975308642 0.7972222222222223 0.7308641975308642
0 0.6791666666666667 0.13580246913580246 0.6791666666666667 0.014814814814814815 0.6041666666666666 0.014814814814814815 0.6041666666666666 0.13580246913580246 0.6791666666666667 0.13580246913580246
0 0.5152777777777777 0.12839506172839507 0.5152777777777777 0.019753086419753086 0.45 0.019753086419753086 0.45 0.12839506172839507 0.5152777777777777 0.12839506172839507
0 0.3472222222222222 0.1111111111111111 0.3472222222222222 0.0049382716049382715 0.275 0.0049382716049382715 0.275 0.1111111111111111 0.3472222222222222 0.1111111111111111
0 0.45694444444444443 0.14814814814814814 0.45694444444444443 0.012345679012345678 0.3736111111111111 0.012345679012345678 0.3736111111111111 0.14814814814814814 0.45694444444444443 0.14814814814814814