0 0.13125 0.5435185185185185 0.13125 0.4648148148148148 0.06927083333333334 0.4648148148148148 0.06927083333333334 0.5435185185185185 0.13125 0.5435185185185185
0 0.07708333333333334 0.8412037037037037 0.07708333333333334 0.7532407407407408 0.0010416666666666667 0.7532407407407408 0.0010416666666666667 0.8412037037037037 0.07708333333333334 0.8412037037037037
0 0.36953125 0.45185185185185184 0.36953125 0.3902777777777778 0.33151041666666664 0.3902777777777778 0.33151041666666664 0.45185185185185184 0.36953125 0.45185185185185184
0 0.3984375 0.46620370370370373 0.3984375 0.4152777777777778 0.36302083333333335 0.4152777777777778 0.36302083333333335 0.46620370370370373 0.3984375 0.46620370370370373
0 0.328125 0.19074074074074074 0.328125 0.13240740740740742 0.2942708333333333 0.13240740740740742 0.2942708333333333 0.19074074074074074 0.328125 0.19074074074074074
0 0.4044270833333333 0.1050925925925926 0.4044270833333333 0.04490740740740741 0.36640625 0.04490740740740741 0.36640625 0.1050925925925926 0.4044270833333333 0.1050925925925926
0 0.46119791666666665 0.08055555555555556 0.46119791666666665 0.03287037037037037 0.4309895833333333 0.03287037037037037 0.4309895833333333 0.08055555555555556 0.46119791666666665 0.08055555555555556
0 0.490625 0.1375 0.490625 0.09351851851851851 0.46458333333333335 0.09351851851851851 0.46458333333333335 0.1375 0.490625 0.1375
0 0.5239583333333333 0.07685185185185185 0.5239583333333333 0.03148148148148148 0.49921875 0.03148148148148148 0.49921875 0.07685185185185185 0.5239583333333333 0.07685185185185185
0 0.5705729166666667 0.09953703703703703 0.5705729166666667 0.05555555555555555 0.5432291666666667 0.05555555555555555 0.5432291666666667 0.09953703703703703 0.5705729166666667 0.09953703703703703
0 0.55 0.1361111111111111 0.55 0.08888888888888889 0.5239583333333333 0.08888888888888889 0.5239583333333333 0.1361111111111111 0.55 0.1361111111111111
0 0.5901041666666667 0.18611111111111112 0.5901041666666667 0.13518518518518519 0.5598958333333334 0.13518518518518519 0.5598958333333334 0.18611111111111112 0.5901041666666667 0.18611111111111112
0 0.5458333333333333 0.19537037037037036 0.5458333333333333 0.15416666666666667 0.5205729166666667 0.15416666666666667 0.5205729166666667 0.19537037037037036 0.5458333333333333 0.19537037037037036
0 0.5145833333333333 0.2833333333333333 0.5145833333333333 0.23703703703703705 0.48984375 0.23703703703703705 0.48984375 0.2833333333333333 0.5145833333333333 0.2833333333333333
0 0.559375 0.27037037037037037 0.559375 0.22268518518518518 0.53125 0.22268518518518518 0.53125 0.27037037037037037 0.559375 0.27037037037037037
0 0.61328125 0.29398148148148145 0.61328125 0.24166666666666667 0.5799479166666667 0.24166666666666667 0.5799479166666667 0.29398148148148145 0.61328125 0.29398148148148145
0 0.46848958333333335 0.41388888888888886 0.46848958333333335 0.35324074074074074 0.4322916666666667 0.35324074074074074 0.4322916666666667 0.41388888888888886 0.46848958333333335 0.41388888888888886
0 0.5317708333333333 0.4648148148148148 0.5317708333333333 0.41759259259259257 0.5044270833333333 0.41759259259259257 0.5044270833333333 0.4648148148148148 0.5317708333333333 0.4648148148148148
0 0.6013020833333333 0.49583333333333335 0.6013020833333333 0.43425925925925923 0.5658854166666667 0.43425925925925923 0.5658854166666667 0.49583333333333335 0.6013020833333333 0.49583333333333335
0 0.6434895833333333 0.4412037037037037 0.6434895833333333 0.38425925925925924 0.61328125 0.38425925925925924 0.61328125 0.4412037037037037 0.6434895833333333 0.4412037037037037
0 0.6307291666666667 0.5375 0.6307291666666667 0.49212962962962964 0.6033854166666667 0.49212962962962964 0.6033854166666667 0.5375 0.6307291666666667 0.5375
0 0.7216145833333333 0.5231481481481481 0.7216145833333333 0.4685185185185185 0.6934895833333333 0.4685185185185185 0.6934895833333333 0.5231481481481481 0.7216145833333333 0.5231481481481481
0 0.7434895833333334 0.5027777777777778 0.7434895833333334 0.45185185185185184 0.7182291666666667 0.45185185185185184 0.7182291666666667 0.5027777777777778 0.7434895833333334 0.5027777777777778
0 0.6981770833333333 0.36898148148148147 0.6981770833333333 0.31666666666666665 0.6729166666666667 0.31666666666666665 0.6729166666666667 0.36898148148148147 0.6981770833333333 0.36898148148148147
0 0.71484375 0.3333333333333333 0.71484375 0.28564814814814815 0.69140625 0.28564814814814815 0.69140625 0.3333333333333333 0.71484375 0.3333333333333333
0 0.7080729166666667 0.2310185185185185 0.7080729166666667 0.1824074074074074 0.6828125 0.1824074074074074 0.6828125 0.2310185185185185 0.7080729166666667 0.2310185185185185
0 0.7421875 0.26435185185185184 0.7421875 0.2300925925925926 0.7208333333333333 0.2300925925925926 0.7208333333333333 0.26435185185185184 0.7421875 0.26435185185185184
0 0.75234375 0.3013888888888889 0.75234375 0.2574074074074074 0.7268229166666667 0.2574074074074074 0.7268229166666667 0.3013888888888889 0.75234375 0.3013888888888889
0 0.83515625 0.36527777777777776 0.83515625 0.32037037037037036 0.80625 0.32037037037037036 0.80625 0.36527777777777776 0.83515625 0.36527777777777776
0 0.8197916666666667 0.4708333333333333 0.8197916666666667 0.42592592592592593 0.7895833333333333 0.42592592592592593 0.7895833333333333 0.4708333333333333 0.8197916666666667 0.4708333333333333