0 0.18472222222222223 0.5259259259259259 0.18472222222222223 0.43209876543209874 0.10138888888888889 0.43209876543209874 0.10138888888888889 0.5259259259259259 0.18472222222222223 0.5259259259259259
0 0.20833333333333334 0.7530864197530864 0.20833333333333334 0.6370370370370371 0.10833333333333334 0.6370370370370371 0.10833333333333334 0.7530864197530864 0.20833333333333334 0.7530864197530864
0 0.15 1 0.15 0.8592592592592593 0.001388888888888889 0.8592592592592593 0.001388888888888889 1 0.15 1
0 0.49027777777777776 0.4049382716049383 0.49027777777777776 0.30864197530864196 0.43194444444444446 0.30864197530864196 0.43194444444444446 0.4049382716049383 0.49027777777777776 0.4049382716049383
0 0.5027777777777778 0.528395061728395 0.5027777777777778 0.43209876543209874 0.44166666666666665 0.43209876543209874 0.44166666666666665 0.528395061728395 0.5027777777777778 0.528395061728395
0 0.5958333333333333 0.2740740740740741 0.5958333333333333 0.1580246913580247 0.5305555555555556 0.1580246913580247 0.5305555555555556 0.2740740740740741 0.5958333333333333 0.2740740740740741
0 0.6083333333333333 0.4123456790123457 0.6083333333333333 0.2962962962962963 0.5416666666666666 0.2962962962962963 0.5416666666666666 0.4123456790123457 0.6083333333333333 0.4123456790123457
0 0.6069444444444444 0.5679012345679012 0.6069444444444444 0.4469135802469136 0.5416666666666666 0.4469135802469136 0.5416666666666666 0.5679012345679012 0.6069444444444444 0.5679012345679012
0 0.5 0.16790123456790124 0.5 0.05925925925925926 0.4513888888888889 0.05925925925925926 0.4513888888888889 0.16790123456790124 0.5 0.16790123456790124
0 0.7430555555555556 0.12839506172839507 0.7430555555555556 0.007407407407407408 0.6763888888888889 0.007407407407407408 0.6763888888888889 0.12839506172839507 0.7430555555555556 0.12839506172839507
0 0.9583333333333334 0.23209876543209876 0.9583333333333334 0.08148148148148149 0.8763888888888889 0.08148148148148149 0.8763888888888889 0.23209876543209876 0.9583333333333334 0.23209876543209876
0 0.9583333333333334 0.45185185185185184 0.9583333333333334 0.2814814814814815 0.8444444444444444 0.2814814814814815 0.8444444444444444 0.45185185185185184 0.9583333333333334 0.45185185185185184
0 0.9555555555555556 0.8419753086419753 0.9555555555555556 0.674074074074074 0.8402777777777778 0.674074074074074 0.8402777777777778 0.8419753086419753 0.9555555555555556 0.8419753086419753
0 0.6569444444444444 0.7728395061728395 0.6569444444444444 0.6592592592592592 0.5930555555555556 0.6592592592592592 0.5930555555555556 0.7728395061728395 0.6569444444444444 0.7728395061728395
0 0.6597222222222222 1 0.6597222222222222 0.8123456790123457 0.5222222222222223 0.8123456790123457 0.5222222222222223 1 0.6597222222222222 1