0 0.1527777777777778 0.6666666666666666 0.1527777777777778 0.44938271604938274 0.001388888888888889 0.44938271604938274 0.001388888888888889 0.6666666666666666 0.1527777777777778 0.6666666666666666
0 0.18333333333333332 0.345679012345679 0.18333333333333332 0.15308641975308643 0.06944444444444445 0.15308641975308643 0.06944444444444445 0.345679012345679 0.18333333333333332 0.345679012345679
0 0.3347222222222222 0.19012345679012346 0.3347222222222222 0.014814814814814815 0.23194444444444445 0.014814814814814815 0.23194444444444445 0.19012345679012346 0.3347222222222222 0.19012345679012346
0 0.45 0.24691358024691357 0.45 0.07901234567901234 0.3680555555555556 0.07901234567901234 0.3680555555555556 0.24691358024691357 0.45 0.24691358024691357
0 0.44166666666666665 0.528395061728395 0.44166666666666665 0.3234567901234568 0.3347222222222222 0.3234567901234568 0.3347222222222222 0.528395061728395 0.44166666666666665 0.528395061728395
0 0.5986111111111111 0.5333333333333333 0.5986111111111111 0.3530864197530864 0.5166666666666667 0.3530864197530864 0.5166666666666667 0.5333333333333333 0.5986111111111111 0.5333333333333333
0 0.5625 0.27901234567901234 0.5625 0.08641975308641975 0.4861111111111111 0.08641975308641975 0.4861111111111111 0.27901234567901234 0.5625 0.27901234567901234
0 0.6069444444444444 0.21728395061728395 0.6069444444444444 0.05925925925925926 0.5486111111111112 0.05925925925925926 0.5486111111111112 0.21728395061728395 0.6069444444444444 0.21728395061728395
0 0.7013888888888888 0.2641975308641975 0.7013888888888888 0.16049382716049382 0.6430555555555556 0.16049382716049382 0.6430555555555556 0.2641975308641975 0.7013888888888888 0.2641975308641975
0 0.8666666666666667 0.5333333333333333 0.8666666666666667 0.362962962962963 0.8055555555555556 0.362962962962963 0.8055555555555556 0.5333333333333333 0.8666666666666667 0.5333333333333333
0 0.7930555555555555 0.44938271604938274 0.7930555555555555 0.3333333333333333 0.7430555555555556 0.3333333333333333 0.7430555555555556 0.44938271604938274 0.7930555555555555 0.44938271604938274
0 0.75 0.49876543209876545 0.75 0.37037037037037035 0.6819444444444445 0.37037037037037035 0.6819444444444445 0.49876543209876545 0.75 0.49876543209876545
0 0.6972222222222222 0.7234567901234568 0.6972222222222222 0.6222222222222222 0.6125 0.6222222222222222 0.6125 0.7234567901234568 0.6972222222222222 0.7234567901234568
0 1 0.5308641975308642 0.9375 0.5308641975308642 0.9375 0.6987654320987654 1 0.6987654320987654 1 0.5308641975308642
0 0.8583333333333333 1 0.8583333333333333 0.7975308641975308 0.7333333333333333 0.7975308641975308 0.7333333333333333 1 0.8583333333333333 1
0 0.9833333333333333 0.9851851851851852 0.9833333333333333 0.7530864197530864 0.8583333333333333 0.7530864197530864 0.8583333333333333 0.9851851851851852 0.9833333333333333 0.9851851851851852
0 0.7986111111111112 0.8567901234567902 0.7986111111111112 0.6864197530864198 0.7125 0.6864197530864198 0.7125 0.8567901234567902 0.7986111111111112 0.8567901234567902
0 0.9319444444444445 0.671604938271605 0.9319444444444445 0.5135802469135803 0.8611111111111112 0.5135802469135803 0.8611111111111112 0.671604938271605 0.9319444444444445 0.671604938271605
0 0.8652777777777778 0.7135802469135802 0.8652777777777778 0.5358024691358024 0.7777777777777778 0.5358024691358024 0.7777777777777778 0.7135802469135802 0.8652777777777778 0.7135802469135802
0 0.775 0.6839506172839506 0.775 0.5111111111111111 0.675 0.5111111111111111 0.675 0.6839506172839506 0.775 0.6839506172839506