0 0.6291666666666667 0.8493827160493828 0.6291666666666667 0.6444444444444445 0.5138888888888888 0.6444444444444445 0.5138888888888888 0.8493827160493828 0.6291666666666667 0.8493827160493828
0 0.44722222222222224 0.7925925925925926 0.44722222222222224 0.5950617283950618 0.3375 0.5950617283950618 0.3375 0.7925925925925926 0.44722222222222224 0.7925925925925926
0 0.30694444444444446 0.9679012345679012 0.30694444444444446 0.7654320987654321 0.20694444444444443 0.7654320987654321 0.20694444444444443 0.9679012345679012 0.30694444444444446 0.9679012345679012
0 0.19722222222222222 1 0.19722222222222222 0.8987654320987655 0.08611111111111111 0.8987654320987655 0.08611111111111111 1 0.19722222222222222 1
0 0.20555555555555555 0.8740740740740741 0.20555555555555555 0.6864197530864198 0.09444444444444444 0.6864197530864198 0.09444444444444444 0.8740740740740741 0.20555555555555555 0.8740740740740741
0 0.1527777777777778 0.6962962962962963 0.1527777777777778 0.5506172839506173 0.05138888888888889 0.5506172839506173 0.05138888888888889 0.6962962962962963 0.1527777777777778 0.6962962962962963
0 0.24166666666666667 0.6320987654320988 0.24166666666666667 0.4962962962962963 0.14722222222222223 0.4962962962962963 0.14722222222222223 0.6320987654320988 0.24166666666666667 0.6320987654320988
0 0.3638888888888889 0.5728395061728395 0.3638888888888889 0.38271604938271603 0.27361111111111114 0.38271604938271603 0.27361111111111114 0.5728395061728395 0.3638888888888889 0.5728395061728395
0 0.09861111111111111 0.562962962962963 0.09861111111111111 0.4419753086419753 0.008333333333333333 0.4419753086419753 0.008333333333333333 0.562962962962963 0.09861111111111111 0.562962962962963
0 0.5402777777777777 0.6320987654320988 0.5402777777777777 0.43950617283950616 0.4444444444444444 0.43950617283950616 0.4444444444444444 0.6320987654320988 0.5402777777777777 0.6320987654320988
0 0.4722222222222222 0.6 0.4722222222222222 0.41728395061728396 0.37083333333333335 0.41728395061728396 0.37083333333333335 0.6 0.4722222222222222 0.6
0 0.4986111111111111 0.43950617283950616 0.4986111111111111 0.3308641975308642 0.4222222222222222 0.3308641975308642 0.4222222222222222 0.43950617283950616 0.4986111111111111 0.43950617283950616
0 0.4305555555555556 0.48641975308641977 0.4305555555555556 0.32098765432098764 0.34444444444444444 0.32098765432098764 0.34444444444444444 0.48641975308641977 0.4305555555555556 0.48641975308641977
0 0.26666666666666666 0.48148148148148145 0.26666666666666666 0.3728395061728395 0.18472222222222223 0.3728395061728395 0.18472222222222223 0.48148148148148145 0.26666666666666666 0.48148148148148145