0 0.12777777777777777 0.8617283950617284 0.12777777777777777 0.7382716049382716 0.044444444444444446 0.7382716049382716 0.044444444444444446 0.8617283950617284 0.12777777777777777 0.8617283950617284
0 0.4722222222222222 0.7012345679012346 0.4722222222222222 0.5604938271604938 0.40694444444444444 0.5604938271604938 0.40694444444444444 0.7012345679012346 0.4722222222222222 0.7012345679012346
0 0.5402777777777777 0.8271604938271605 0.5402777777777777 0.6839506172839506 0.4708333333333333 0.6839506172839506 0.4708333333333333 0.8271604938271605 0.5402777777777777 0.8271604938271605
0 0.47638888888888886 1 0.47638888888888886 0.8469135802469135 0.3736111111111111 0.8469135802469135 0.3736111111111111 1 0.47638888888888886 1
0 0.6138888888888889 0.7012345679012346 0.6138888888888889 0.562962962962963 0.5361111111111111 0.562962962962963 0.5361111111111111 0.7012345679012346 0.6138888888888889 0.7012345679012346
0 0.7472222222222222 0.6567901234567901 0.7472222222222222 0.49876543209876545 0.6611111111111111 0.49876543209876545 0.6611111111111111 0.6567901234567901 0.7472222222222222 0.6567901234567901
0 0.7361111111111112 0.3234567901234568 0.7361111111111112 0.2 0.6527777777777778 0.2 0.6527777777777778 0.3234567901234568 0.7361111111111112 0.3234567901234568
0 0.625 0.36049382716049383 0.625 0.22962962962962963 0.5458333333333333 0.22962962962962963 0.5458333333333333 0.36049382716049383 0.625 0.36049382716049383
0 0.7847222222222222 0.0962962962962963 0.7847222222222222 0.0049382716049382715 0.7027777777777777 0.0049382716049382715 0.7027777777777777 0.0962962962962963 0.7847222222222222 0.0962962962962963
0 0.5666666666666667 0.2345679012345679 0.5666666666666667 0.10617283950617284 0.4875 0.10617283950617284 0.4875 0.2345679012345679 0.5666666666666667 0.2345679012345679
0 0.4847222222222222 0.2 0.4847222222222222 0.11358024691358025 0.4263888888888889 0.11358024691358025 0.4263888888888889 0.2 0.4847222222222222 0.2
0 0.5180555555555556 0.31851851851851853 0.5180555555555556 0.1925925925925926 0.4527777777777778 0.1925925925925926 0.4527777777777778 0.31851851851851853 0.5180555555555556 0.31851851851851853
0 0.43333333333333335 0.31851851851851853 0.43333333333333335 0.19506172839506172 0.37083333333333335 0.19506172839506172 0.37083333333333335 0.31851851851851853 0.43333333333333335 0.31851851851851853
0 0.35 0.3333333333333333 0.35 0.20987654320987653 0.2708333333333333 0.20987654320987653 0.2708333333333333 0.3333333333333333 0.35 0.3333333333333333
0 0.21805555555555556 0.10123456790123457 0.21805555555555556 0.0024691358024691358 0.1388888888888889 0.0024691358024691358 0.1388888888888889 0.10123456790123457 0.21805555555555556 0.10123456790123457