0 0.25277777777777777 0.37777777777777777 0.25277777777777777 0.24691358024691357 0.1361111111111111 0.24691358024691357 0.1361111111111111 0.37777777777777777 0.25277777777777777 0.37777777777777777
0 0.3680555555555556 0.7555555555555555 0.3680555555555556 0.5185185185185185 0.20277777777777778 0.5185185185185185 0.20277777777777778 0.7555555555555555 0.3680555555555556 0.7555555555555555
0 0.3763888888888889 0.48641975308641977 0.3763888888888889 0.3308641975308642 0.2777777777777778 0.3308641975308642 0.2777777777777778 0.48641975308641977 0.3763888888888889 0.48641975308641977
0 0.4666666666666667 0.2839506172839506 0.4666666666666667 0.145679012345679 0.3388888888888889 0.145679012345679 0.3388888888888889 0.2839506172839506 0.4666666666666667 0.2839506172839506
0 0.3958333333333333 0.19012345679012346 0.3958333333333333 0.06172839506172839 0.2916666666666667 0.06172839506172839 0.2916666666666667 0.19012345679012346 0.3958333333333333 0.19012345679012346
0 0.5027777777777778 0.4049382716049383 0.5027777777777778 0.2765432098765432 0.39305555555555555 0.2765432098765432 0.39305555555555555 0.4049382716049383 0.5027777777777778 0.4049382716049383
0 0.5416666666666666 0.7086419753086419 0.5416666666666666 0.43209876543209874 0.41388888888888886 0.43209876543209874 0.41388888888888886 0.7086419753086419 0.5416666666666666 0.7086419753086419
0 0.5472222222222223 1 0.5472222222222223 0.7975308641975308 0.3625 0.7975308641975308 0.3625 1 0.5472222222222223 1
0 0.7791666666666667 0.7530864197530864 0.7791666666666667 0.5185185185185185 0.6375 0.5185185185185185 0.6375 0.7530864197530864 0.7791666666666667 0.7530864197530864
0 0.6972222222222222 0.49876543209876545 0.6972222222222222 0.3308641975308642 0.5777777777777777 0.3308641975308642 0.5777777777777777 0.49876543209876545 0.6972222222222222 0.49876543209876545
0 0.5944444444444444 0.2271604938271605 0.5944444444444444 0.04938271604938271 0.4847222222222222 0.04938271604938271 0.4847222222222222 0.2271604938271605 0.5944444444444444 0.2271604938271605
0 0.48055555555555557 0.1259259259259259 0.48055555555555557 0.0049382716049382715 0.4041666666666667 0.0049382716049382715 0.4041666666666667 0.1259259259259259 0.48055555555555557 0.1259259259259259