0 0.24444444444444444 0.745679012345679 0.24444444444444444 0.5308641975308642 0.10555555555555556 0.5308641975308642 0.10555555555555556 0.745679012345679 0.24444444444444444 0.745679012345679
0 0.2638888888888889 1 0.2638888888888889 0.8592592592592593 0.14722222222222223 0.8592592592592593 0.14722222222222223 1 0.2638888888888889 1
0 1 0.0049382716049382715 0.9152777777777777 0.0049382716049382715 0.9152777777777777 0.21975308641975308 1 0.21975308641975308 1 0.0049382716049382715
0 0.43333333333333335 0.1506172839506173 0.43333333333333335 0.03209876543209877 0.35694444444444445 0.03209876543209877 0.35694444444444445 0.1506172839506173 0.43333333333333335 0.1506172839506173
0 0.475 0.4222222222222222 0.475 0.2691358024691358 0.38333333333333336 0.2691358024691358 0.38333333333333336 0.4222222222222222 0.475 0.4222222222222222
0 0.6541666666666667 0.34814814814814815 0.6541666666666667 0.18518518518518517 0.5625 0.18518518518518517 0.5625 0.34814814814814815 0.6541666666666667 0.34814814814814815
0 0.7152777777777778 0.14074074074074075 0.7152777777777778 0.0024691358024691358 0.6263888888888889 0.0024691358024691358 0.6263888888888889 0.14074074074074075 0.7152777777777778 0.14074074074074075
0 0.5222222222222223 0.06419753086419754 0.5222222222222223 0.0024691358024691358 0.4722222222222222 0.0024691358024691358 0.4722222222222222 0.06419753086419754 0.5222222222222223 0.06419753086419754
0 0.5652777777777778 0.18518518518518517 0.5652777777777778 0.08888888888888889 0.5138888888888888 0.08888888888888889 0.5138888888888888 0.18518518518518517 0.5652777777777778 0.18518518518518517
0 0.5069444444444444 0.2691358024691358 0.5069444444444444 0.1580246913580247 0.4236111111111111 0.1580246913580247 0.4236111111111111 0.2691358024691358 0.5069444444444444 0.2691358024691358
0 0.6041666666666666 0.8864197530864197 0.6041666666666666 0.7432098765432099 0.525 0.7432098765432099 0.525 0.8864197530864197 0.6041666666666666 0.8864197530864197
0 0.5763888888888888 0.6 0.5763888888888888 0.45925925925925926 0.5166666666666667 0.45925925925925926 0.5166666666666667 0.6 0.5763888888888888 0.6
0 0.6902777777777778 0.7876543209876543 0.6902777777777778 0.5654320987654321 0.5944444444444444 0.5654320987654321 0.5944444444444444 0.7876543209876543 0.6902777777777778 0.7876543209876543