0 0.6652777777777777 0.3160493827160494 0.6652777777777777 0.1654320987654321 0.575 0.1654320987654321 0.575 0.3160493827160494 0.6652777777777777 0.3160493827160494
0 0.5902777777777778 0.4074074074074074 0.5902777777777778 0.24938271604938272 0.49166666666666664 0.24938271604938272 0.49166666666666664 0.4074074074074074 0.5902777777777778 0.4074074074074074
0 0.4652777777777778 0.14814814814814814 0.4652777777777778 0.04197530864197531 0.4041666666666667 0.04197530864197531 0.4041666666666667 0.14814814814814814 0.4652777777777778 0.14814814814814814
0 0.24166666666666667 0.5037037037037037 0.24166666666666667 0.38765432098765434 0.15138888888888888 0.38765432098765434 0.15138888888888888 0.5037037037037037 0.24166666666666667 0.5037037037037037
0 0.26944444444444443 0.4024691358024691 0.26944444444444443 0.32592592592592595 0.20833333333333334 0.32592592592592595 0.20833333333333334 0.4024691358024691 0.26944444444444443 0.4024691358024691
0 0.35555555555555557 0.30864197530864196 0.35555555555555557 0.2 0.29583333333333334 0.2 0.29583333333333334 0.30864197530864196 0.35555555555555557 0.30864197530864196
0 0.36944444444444446 0.674074074074074 0.36944444444444446 0.5160493827160494 0.2708333333333333 0.5160493827160494 0.2708333333333333 0.674074074074074 0.36944444444444446 0.674074074074074
0 0.3472222222222222 0.5012345679012346 0.3472222222222222 0.37530864197530867 0.27361111111111114 0.37530864197530867 0.27361111111111114 0.5012345679012346 0.3472222222222222 0.5012345679012346
0 0.12361111111111112 0.9950617283950617 0.12361111111111112 0.8419753086419753 0.001388888888888889 0.8419753086419753 0.001388888888888889 0.9950617283950617 0.12361111111111112 0.9950617283950617
0 0.5319444444444444 0.6938271604938272 0.5319444444444444 0.5209876543209877 0.43194444444444446 0.5209876543209877 0.43194444444444446 0.6938271604938272 0.5319444444444444 0.6938271604938272
0 0.4861111111111111 0.291358024691358 0.4861111111111111 0.16296296296296298 0.41388888888888886 0.16296296296296298 0.41388888888888886 0.291358024691358 0.4861111111111111 0.291358024691358
0 0.4513888888888889 0.508641975308642 0.4513888888888889 0.4049382716049383 0.38472222222222224 0.4049382716049383 0.38472222222222224 0.508641975308642 0.4513888888888889 0.508641975308642
0 0.43333333333333335 0.32592592592592595 0.43333333333333335 0.18518518518518517 0.35694444444444445 0.18518518518518517 0.35694444444444445 0.32592592592592595 0.43333333333333335 0.32592592592592595
0 0.4666666666666667 0.41975308641975306 0.4666666666666667 0.28641975308641976 0.4 0.28641975308641976 0.4 0.41975308641975306 0.4666666666666667 0.41975308641975306
0 0.4013888888888889 0.43950617283950616 0.4013888888888889 0.3160493827160494 0.31666666666666665 0.3160493827160494 0.31666666666666665 0.43950617283950616 0.4013888888888889 0.43950617283950616
0 0.6736111111111112 0.8691358024691358 0.6736111111111112 0.6691358024691358 0.5625 0.6691358024691358 0.5625 0.8691358024691358 0.6736111111111112 0.8691358024691358
0 0.7875 0.8395061728395061 0.7875 0.6222222222222222 0.6833333333333333 0.6222222222222222 0.6833333333333333 0.8395061728395061 0.7875 0.8395061728395061
0 0.9291666666666667 0.6345679012345679 0.9291666666666667 0.3802469135802469 0.7930555555555555 0.3802469135802469 0.7930555555555555 0.6345679012345679 0.9291666666666667 0.6345679012345679
0 0.8041666666666667 0.48148148148148145 0.8041666666666667 0.2691358024691358 0.6986111111111111 0.2691358024691358 0.6986111111111111 0.48148148148148145 0.8041666666666667 0.48148148148148145
0 0.6791666666666667 0.5061728395061729 0.6791666666666667 0.32839506172839505 0.5847222222222223 0.32839506172839505 0.5847222222222223 0.5061728395061729 0.6791666666666667 0.5061728395061729
0 0.7319444444444444 0.6419753086419753 0.7319444444444444 0.4765432098765432 0.6361111111111111 0.4765432098765432 0.6361111111111111 0.6419753086419753 0.7319444444444444 0.6419753086419753
0 0.8708333333333333 0.9580246913580247 0.8708333333333333 0.7580246913580246 0.7694444444444445 0.7580246913580246 0.7694444444444445 0.9580246913580247 0.8708333333333333 0.9580246913580247
0 0.8222222222222222 1 0.8222222222222222 0.8888888888888888 0.7152777777777778 0.8888888888888888 0.7152777777777778 1 0.8222222222222222 1
0 1 0.7481481481481481 0.9027777777777778 0.7481481481481481 0.9027777777777778 0.9950617283950617 1 0.9950617283950617 1 0.7481481481481481