0 0.8347222222222223 0.7851851851851852 0.8347222222222223 0.6246913580246913 0.7375 0.6246913580246913 0.7375 0.7851851851851852 0.8347222222222223 0.7851851851851852
0 0.6236111111111111 0.9481481481481482 0.6236111111111111 0.7950617283950617 0.5194444444444445 0.7950617283950617 0.5194444444444445 0.9481481481481482 0.6236111111111111 0.9481481481481482
0 0.7152777777777778 1 0.7152777777777778 0.9135802469135802 0.6194444444444445 0.9135802469135802 0.6194444444444445 1 0.7152777777777778 1
0 0.3486111111111111 0.5975308641975309 0.3486111111111111 0.4839506172839506 0.29305555555555557 0.4839506172839506 0.29305555555555557 0.5975308641975309 0.3486111111111111 0.5975308641975309
0 0.6833333333333333 0.4839506172839506 0.6833333333333333 0.37530864197530867 0.6111111111111112 0.37530864197530867 0.6111111111111112 0.4839506172839506 0.6833333333333333 0.4839506172839506
0 0.6430555555555556 0.4024691358024691 0.6430555555555556 0.2716049382716049 0.5805555555555556 0.2716049382716049 0.5805555555555556 0.4024691358024691 0.6430555555555556 0.4024691358024691
0 0.5597222222222222 0.23703703703703705 0.5597222222222222 0.14814814814814814 0.49444444444444446 0.14814814814814814 0.49444444444444446 0.23703703703703705 0.5597222222222222 0.23703703703703705
0 0.08611111111111111 0.7308641975308642 0.08611111111111111 0.5975308641975309 0.004166666666666667 0.5975308641975309 0.004166666666666667 0.7308641975308642 0.08611111111111111 0.7308641975308642
0 0.17222222222222222 0.5679012345679012 0.17222222222222222 0.4691358024691358 0.09444444444444444 0.4691358024691358 0.09444444444444444 0.5679012345679012 0.17222222222222222 0.5679012345679012
0 0.19444444444444445 0.4888888888888889 0.19444444444444445 0.4024691358024691 0.12777777777777777 0.4024691358024691 0.12777777777777777 0.4888888888888889 0.19444444444444445 0.4888888888888889
0 0.8666666666666667 0.37777777777777777 0.8666666666666667 0.2740740740740741 0.7902777777777777 0.2740740740740741 0.7902777777777777 0.37777777777777777 0.8666666666666667 0.37777777777777777