0 0.7611111111111111 0.36790123456790125 0.7611111111111111 0.24444444444444444 0.6861111111111111 0.24444444444444444 0.6861111111111111 0.36790123456790125 0.7611111111111111 0.36790123456790125
0 0.2361111111111111 0.34814814814814815 0.2361111111111111 0.21975308641975308 0.15555555555555556 0.21975308641975308 0.15555555555555556 0.34814814814814815 0.2361111111111111 0.34814814814814815
0 0.3277777777777778 0.09382716049382717 0.3277777777777778 0.01728395061728395 0.2777777777777778 0.01728395061728395 0.2777777777777778 0.09382716049382717 0.3277777777777778 0.09382716049382717
0 0.5763888888888888 0.21728395061728395 0.5763888888888888 0.09876543209876543 0.5194444444444445 0.09876543209876543 0.5194444444444445 0.21728395061728395 0.5763888888888888 0.21728395061728395
0 0.6208333333333333 0.22469135802469137 0.6208333333333333 0.13580246913580246 0.5708333333333333 0.13580246913580246 0.5708333333333333 0.22469135802469137 0.6208333333333333 0.22469135802469137
0 0.6083333333333333 0.3234567901234568 0.6083333333333333 0.2345679012345679 0.5597222222222222 0.2345679012345679 0.5597222222222222 0.3234567901234568 0.6083333333333333 0.3234567901234568
0 0.5666666666666667 0.45185185185185184 0.5666666666666667 0.34814814814814815 0.5027777777777778 0.34814814814814815 0.5027777777777778 0.45185185185185184 0.5666666666666667 0.45185185185185184
0 0.43472222222222223 0.39753086419753086 0.43472222222222223 0.2641975308641975 0.3625 0.2641975308641975 0.3625 0.39753086419753086 0.43472222222222223 0.39753086419753086
0 0.31666666666666665 0.44938271604938274 0.31666666666666665 0.3111111111111111 0.22777777777777777 0.3111111111111111 0.22777777777777777 0.44938271604938274 0.31666666666666665 0.44938271604938274
0 0.1527777777777778 0.49135802469135803 0.1527777777777778 0.3234567901234568 0.025 0.3234567901234568 0.025 0.49135802469135803 0.1527777777777778 0.49135802469135803
0 0.1625 0.6148148148148148 0.1625 0.4740740740740741 0.025 0.4740740740740741 0.025 0.6148148148148148 0.1625 0.6148148148148148
0 0.30277777777777776 0.6493827160493827 0.30277777777777776 0.4839506172839506 0.19722222222222222 0.4839506172839506 0.19722222222222222 0.6493827160493827 0.30277777777777776 0.6493827160493827
0 0.4930555555555556 0.562962962962963 0.4930555555555556 0.4469135802469136 0.4305555555555556 0.4469135802469136 0.4305555555555556 0.562962962962963 0.4930555555555556 0.562962962962963
0 0.41805555555555557 0.9407407407407408 0.41805555555555557 0.671604938271605 0.2777777777777778 0.671604938271605 0.2777777777777778 0.9407407407407408 0.41805555555555557 0.9407407407407408
0 0.2847222222222222 1 0.2847222222222222 0.8320987654320988 0.14027777777777778 0.8320987654320988 0.14027777777777778 1 0.2847222222222222 1
0 0.4888888888888889 1 0.4888888888888889 0.8493827160493828 0.39861111111111114 0.8493827160493828 0.39861111111111114 1 0.4888888888888889 1
0 0.9513888888888888 1 0.9513888888888888 0.8962962962962963 0.8458333333333333 0.8962962962962963 0.8458333333333333 1 0.9513888888888888 1
0 0.825 0.8024691358024691 0.825 0.6271604938271605 0.7055555555555556 0.6271604938271605 0.7055555555555556 0.8024691358024691 0.825 0.8024691358024691
0 0.6555555555555556 0.5777777777777777 0.6555555555555556 0.4469135802469136 0.5680555555555555 0.4469135802469136 0.5680555555555555 0.5777777777777777 0.6555555555555556 0.5777777777777777
0 0.7166666666666667 0.5234567901234568 0.7166666666666667 0.38765432098765434 0.6416666666666667 0.38765432098765434 0.6416666666666667 0.5234567901234568 0.7166666666666667 0.5234567901234568
0 0.7666666666666667 0.4641975308641975 0.7666666666666667 0.362962962962963 0.6958333333333333 0.362962962962963 0.6958333333333333 0.4641975308641975 0.7666666666666667 0.4641975308641975
0 0.8625 0.5555555555555556 0.8625 0.4345679012345679 0.775 0.4345679012345679 0.775 0.5555555555555556 0.8625 0.5555555555555556
0 0.8458333333333333 0.6617283950617284 0.8458333333333333 0.5333333333333333 0.7680555555555556 0.5333333333333333 0.7680555555555556 0.6617283950617284 0.8458333333333333 0.6617283950617284
0 0.7458333333333333 0.6419753086419753 0.7458333333333333 0.5160493827160494 0.65 0.5160493827160494 0.65 0.6419753086419753 0.7458333333333333 0.6419753086419753
0 0.7805555555555556 0.582716049382716 0.7805555555555556 0.4469135802469136 0.7069444444444445 0.4469135802469136 0.7069444444444445 0.582716049382716 0.7805555555555556 0.582716049382716