0 0.39305555555555555 0.9234567901234568 0.39305555555555555 0.674074074074074 0.2611111111111111 0.674074074074074 0.2611111111111111 0.9234567901234568 0.39305555555555555 0.9234567901234568
0 0.1388888888888889 0.4271604938271605 0.1388888888888889 0.2518518518518518 0.041666666666666664 0.2518518518518518 0.041666666666666664 0.4271604938271605 0.1388888888888889 0.4271604938271605
0 0.6819444444444445 0.9950617283950617 0.6819444444444445 0.8395061728395061 0.5875 0.8395061728395061 0.5875 0.9950617283950617 0.6819444444444445 0.9950617283950617
0 0.8041666666666667 0.9185185185185185 0.8041666666666667 0.7530864197530864 0.7041666666666667 0.7530864197530864 0.7041666666666667 0.9185185185185185 0.8041666666666667 0.9185185185185185
0 0.44583333333333336 0.5580246913580247 0.44583333333333336 0.36790123456790125 0.34444444444444444 0.36790123456790125 0.34444444444444444 0.5580246913580247 0.44583333333333336 0.5580246913580247
0 0.49166666666666664 0.725925925925926 0.49166666666666664 0.5777777777777777 0.4083333333333333 0.5777777777777777 0.4083333333333333 0.725925925925926 0.49166666666666664 0.725925925925926
0 0.6402777777777777 0.7358024691358025 0.6402777777777777 0.5580246913580247 0.5513888888888889 0.5580246913580247 0.5513888888888889 0.7358024691358025 0.6402777777777777 0.7358024691358025
0 0.38055555555555554 0.3234567901234568 0.38055555555555554 0.22962962962962963 0.3194444444444444 0.22962962962962963 0.3194444444444444 0.3234567901234568 0.38055555555555554 0.3234567901234568
0 0.45416666666666666 0.2641975308641975 0.45416666666666666 0.12098765432098765 0.37777777777777777 0.12098765432098765 0.37777777777777777 0.2641975308641975 0.45416666666666666 0.2641975308641975
0 0.4652777777777778 0.36790123456790125 0.4652777777777778 0.24444444444444444 0.39861111111111114 0.24444444444444444 0.39861111111111114 0.36790123456790125 0.4652777777777778 0.36790123456790125
0 0.5513888888888889 0.4617283950617284 0.5513888888888889 0.3308641975308642 0.4736111111111111 0.3308641975308642 0.4736111111111111 0.4617283950617284 0.5513888888888889 0.4617283950617284
0 0.6013888888888889 0.36790123456790125 0.6013888888888889 0.25925925925925924 0.5513888888888889 0.25925925925925924 0.5513888888888889 0.36790123456790125 0.6013888888888889 0.36790123456790125
0 0.6666666666666666 0.4469135802469136 0.6666666666666666 0.32098765432098764 0.5972222222222222 0.32098765432098764 0.5972222222222222 0.4469135802469136 0.6666666666666666 0.4469135802469136
0 0.6638888888888889 0.5555555555555556 0.6638888888888889 0.4469135802469136 0.6055555555555555 0.4469135802469136 0.6055555555555555 0.5555555555555556 0.6638888888888889 0.5555555555555556
0 0.5430555555555555 0.345679012345679 0.5430555555555555 0.2222222222222222 0.46805555555555556 0.2222222222222222 0.46805555555555556 0.345679012345679 0.5430555555555555 0.345679012345679
0 0.5333333333333333 0.2518518518518518 0.5333333333333333 0.14814814814814814 0.475 0.14814814814814814 0.475 0.2518518518518518 0.5333333333333333 0.2518518518518518
0 0.48055555555555557 0.14074074074074075 0.48055555555555557 0.044444444444444446 0.4263888888888889 0.044444444444444446 0.4263888888888889 0.14074074074074075 0.48055555555555557 0.14074074074074075
0 0.7069444444444445 0.5407407407407407 0.7069444444444445 0.45185185185185184 0.6611111111111111 0.45185185185185184 0.6611111111111111 0.5407407407407407 0.7069444444444445 0.5407407407407407