0 0.10375 0.09 0.0525 0.04
0 0.02875 0.09166666666666666 0.0475 0.07
0 0.08 0.2733333333333333 0.05 0.06
0 0.03875 0.3416666666666667 0.0625 0.10333333333333333
0 0.10875 0.495 0.1125 0.11
0 0.03625 0.5866666666666667 0.0675 0.14
0 0.22375 0.5033333333333333 0.0725 0.1
0 0.40125 0.37666666666666665 0.0775 0.09333333333333334
0 0.4075 0.12833333333333333 0.05 0.07
0 0.4625 0.08333333333333333 0.065 0.08666666666666667
0 0.475 0.18333333333333332 0.06 0.06666666666666667
0 0.54 0.22333333333333333 0.03 0.04