0 0.756802797833935 0.2792207792207792 0.06931407942238277 0.06060606060606058
0 0.9028880866425992 0.795995670995671 0.19422382671480154 0.3062770562770563
0 0.9696750902527075 0.6163419913419912 0.06064981949458481 0.16558441558441553
0 0.780629512635379 0.42586580086580084 0.17039711191335738 0.21320346320346314
0 0.6539147111913357 0.5286796536796536 0.14223826714801446 0.21320346320346314
0 0.7282829422382672 0.7142857142857142 0.14223826714801446 0.21428571428571425
0 0.7701601985559566 0.882034632034632 0.14223826714801446 0.1926406926406925
0 0.6474165162454874 0.9090909090909091 0.1682310469314079 0.1818181818181819
0 0.5268388989169674 0.9312770562770561 0.132129963898917 0.13744588744588737
0 0.31673059566787004 0.8403679653679653 0.2389891696750902 0.3192640692640693
0 0.099609375 0.9282576866764275 0.19921875 0.14348462664714495
0 0.041939305054151624 0.6612554112554112 0.08387861010830325 0.23593073593073585
0 0.1751523014440433 0.6650432900432899 0.17990749097472925 0.21753246753246758
0 0.3300259476534296 0.6163419913419913 0.13730821299638984 0.15476190476190477
0 0.4859826263537906 0.5898268398268397 0.16474503610108304 0.2164502164502164
0 0.408788357400722 0.47781385281385275 0.08808664259927801 0.15043290043290033
0 0.49651398916967504 0.4069264069264069 0.10902527075812274 0.1082251082251082
0 0.13947427797833933 0.2424242424242424 0.054873646209386284 0.03463203463203464
0 0.08099052346570397 0.34794372294372294 0.08375451263537906 0.09632034632034629
0 0.07990749097472924 0.29112554112554107 0.10036101083032489 0.07575757575757569
0 0.021660649819494584 0.3658008658008658 0.04332129963898917 0.14718614718614723
0 0.20265117328519855 0.4356060606060606 0.12779783393501806 0.15909090909090903
0 0.3155855144404332 0.46699134199134196 0.10962319494584838 0.12445887445887441
0 0.22936597472924186 0.24458874458874458 0.08736462093862818 0.06060606060606058
0 0.5835175992779783 0.32251082251082247 0.08231046931407948 0.09523809523809522
0 0.5318930505415163 0.32629870129870125 0.052707581227436906 0.06818181818181818
0 0.4271999097472924 0.3198051948051948 0.03682310469314076 0.042207792207792236
0 0.4546367328519855 0.36038961038961037 0.09025270758122739 0.09956709956709957
0 0.28207355595667866 0.3587662337662338 0.10180505415162455 0.1417748917748918
0 0.35247066787003606 0.2656926406926407 0.09097472924187722 0.10281385281385282
0 0.36540500902527073 0.33712121212121204 0.11709160649819494 0.14826839826839813