0 0.33875 0.74 0.1025 0.08
0 0.57375 0.59 0.0625 0.06
0 0.635 0.5216666666666666 0.05 0.06333333333333334
0 0.715 0.4116666666666667 0.06 0.06333333333333334
0 0.67125 0.5883333333333334 0.0575 0.07
0 0.735 0.72 0.05 0.06666666666666667
0 0.61375 0.8283333333333334 0.0825 0.10333333333333333
0 0.865 0.505 0.065 0.056666666666666664
0 0.91875 0.5816666666666667 0.0675 0.06333333333333334
0 0.5025 0.14833333333333334 0.055 0.06333333333333334
0 0.55625 0.23833333333333334 0.0425 0.06333333333333334