0 0.275 0.07666666666666666 0.05 0.03333333333333333
0 0.24375 0.11666666666666667 0.0375 0.04666666666666667
0 0.32 0.15333333333333332 0.055 0.06
0 0.485 0.255 0.045 0.043333333333333335
0 0.46875 0.38 0.0525 0.04666666666666667
0 0.34 0.5116666666666667 0.055 0.043333333333333335
0 0.5975 0.4716666666666667 0.05 0.03666666666666667
0 0.6575 0.07333333333333333 0.05 0.05333333333333334
0 0.67625 0.16166666666666665 0.0525 0.05
0 0.68125 0.5266666666666666 0.0275 0.03333333333333333
0 0.825 0.5683333333333334 0.06 0.056666666666666664
0 0.95375 0.5966666666666667 0.0475 0.04666666666666667