0 0.46125 0.31 0.0675 0.06666666666666667
0 0.57625 0.19333333333333333 0.0375 0.04666666666666667
0 0.5875 0.02 0.04 0.02666666666666667
0 0.69 0.4033333333333333 0.04 0.06
0 0.6575 0.455 0.045 0.056666666666666664
0 0.6875 0.5216666666666666 0.045 0.056666666666666664
0 0.635 0.575 0.06 0.08333333333333333
0 0.88625 0.48833333333333334 0.0625 0.09
0 0.23875 0.8683333333333333 0.1225 0.11
0 0.7525 0.14833333333333334 0.04 0.043333333333333335
0 0.80375 0.24833333333333332 0.0375 0.03666666666666667
0 0.80875 0.16 0.0325 0.02666666666666667