0 0.085 0.18 0.155 0.13333333333333333
0 0.27875 0.37333333333333335 0.1225 0.12
0 0.54625 0.43166666666666664 0.0825 0.07666666666666666
0 0.435 0.8316666666666667 0.07 0.08333333333333333
0 0.71 0.725 0.095 0.09
0 0.74375 0.63 0.1175 0.15333333333333332
0 0.635 0.38 0.105 0.12
0 0.69125 0.4716666666666667 0.0925 0.10333333333333333
0 0.72375 0.33166666666666667 0.0875 0.11
0 0.84125 0.44333333333333336 0.1325 0.08666666666666667
0 0.8 0.5016666666666667 0.095 0.09
0 0.9025 0.55 0.09 0.11333333333333333