0 0.22125 0.19166666666666668 0.1125 0.10333333333333333
0 0.36875 0.385 0.1025 0.11
0 0.01875 0.25833333333333336 0.0275 0.08333333333333333
0 0.61125 0.68 0.1175 0.12
0 0.48875 0.85 0.0775 0.07333333333333333
0 0.6225 0.45166666666666666 0.08 0.07666666666666666
0 0.71875 0.4083333333333333 0.1075 0.11666666666666667
0 0.80875 0.36333333333333334 0.0975 0.1
0 0.7275 0.55 0.105 0.11333333333333333
0 0.895 0.575 0.18 0.14333333333333334
0 0.82875 0.6666666666666666 0.1675 0.14666666666666667
0 0.7775 0.7533333333333333 0.135 0.08666666666666667