0 0.20125 0.08 0.1275 0.12666666666666668
0 0.365 0.2866666666666667 0.105 0.13333333333333333
0 0.61875 0.3566666666666667 0.0875 0.08666666666666667
0 0.72125 0.315 0.1175 0.11666666666666667
0 0.83375 0.2733333333333333 0.0975 0.14
0 0.71375 0.485 0.0975 0.09666666666666666
0 0.80125 0.5566666666666666 0.0825 0.12
0 0.7725 0.6783333333333333 0.135 0.11
0 0.88125 0.6083333333333333 0.0775 0.13666666666666666
0 0.47375 0.77 0.0775 0.09333333333333334
0 0.3925 0.915 0.15 0.13666666666666666
0 0.555 0.94 0.19 0.1
0 0.2725 0.9383333333333334 0.13 0.09666666666666666