0 0.0325 0.09666666666666666 0.065 0.11333333333333333
0 0.2875 0.06 0.155 0.11333333333333333
0 0.42625 0.27166666666666667 0.1125 0.13666666666666666
0 0.6875 0.36666666666666664 0.11 0.10666666666666667
0 0.68875 0.48 0.1275 0.09333333333333334
0 0.5075 0.7583333333333333 0.08 0.06333333333333334
0 0.44125 0.8966666666666666 0.1725 0.14666666666666667
0 0.5675 0.9216666666666666 0.105 0.10333333333333333
0 0.67375 0.9433333333333334 0.1325 0.08666666666666667
0 0.3125 0.9266666666666666 0.135 0.1
0 0.795 0.31833333333333336 0.14 0.11666666666666667
0 0.9225 0.275 0.115 0.11666666666666667
0 0.9275 0.4766666666666667 0.12 0.11333333333333333
0 0.76375 0.6216666666666667 0.1075 0.09
0 0.9025 0.6433333333333333 0.125 0.14
0 0.8075 0.6966666666666667 0.115 0.1