0 0.2792070484581498 0.7369285714285715 0.1754185022026432 0.23249999999999987
0 0.07488986784140969 0.7928571428571428 0.14977973568281938 0.2571428571428571
0 0.5788546255506608 0.7187142857142857 0.1510132158590309 0.18478571428571433
0 0.4526431718061674 0.6378571428571428 0.1420264317180617 0.19599999999999998
0 0.5452422907488986 0.4942142857142857 0.10700440528634357 0.1793571428571429
0 0.4963436123348018 0.36314285714285716 0.14361233480176208 0.19171428571428573
0 0.7022026431718061 0.6222142857142857 0.1380176211453744 0.23621428571428565
0 0.8703083700440529 0.6619285714285714 0.20057268722466948 0.2441428571428572
0 0.8955506607929515 0.434 0.18158590308370032 0.2094285714285715
0 0.6590748898678415 0.4302857142857143 0.13524229074889862 0.2019285714285714
0 0.2958149779735683 0.38157142857142856 0.14599118942731273 0.14585714285714288
0 0.344273127753304 0.5112857142857142 0.10841409691629962 0.20228571428571424
0 0.3778854625550661 0.35692857142857143 0.07828193832599123 0.15300000000000002
0 0.5969603524229075 0.2855 0.11299559471365635 0.13035714285714287
0 0.7276211453744493 0.3445714285714286 0.15400881057268714 0.2710714285714286
0 0.9533920704845814 0.2593571428571429 0.09321585903083711 0.17964285714285716
0 0.8445814977973568 0.2616428571428572 0.1166519823788547 0.18414285714285716