0 0.56145 0.19918918918918918 0.05 0.06054054054054055
0 0.523425 0.1097972972972973 0.04480000000000004 0.05912162162162162
0 0.329175 0.6271283783783783 0.08125 0.08304054054054048
0 0.595825 0.7298648648648648 0.08125 0.09148648648648643
0 0.70625 0.6440202702702702 0.0541749999999999 0.060540540540540595
0 0.666675 0.5137837837837839 0.06667499999999997 0.07037162162162157
0 0.6224000000000001 0.4539527027027027 0.06355000000000004 0.0661486486486486
0 0.569275 0.5130743243243243 0.06144999999999996 0.0661486486486486
0 0.6948000000000001 0.3716216216216216 0.0583250000000001 0.06192567567567562
0 0.830725 0.47368243243243247 0.059375 0.0633445945945946
0 0.86875 0.5264527027027027 0.0666749999999999 0.08165540540540546
0 0.9599 0.5897972972972974 0.0614500000000001 0.07881756756756751