0 0.46354999999999996 0.2956081081081081 0.05417500000000004 0.05067567567567568
0 0.4172 0.2083445945945946 0.05519999999999996 0.05631756756756755
0 0.884375 0.43706081081081083 0.060424999999999895 0.0661486486486486
0 0.981775 0.5771283783783784 0.0364500000000001 0.053479729729729676
0 0.88125 0.6587837837837838 0.060424999999999895 0.06192567567567562
0 0.78905 0.6102027027027027 0.0552000000000001 0.0633445945945946
0 0.742175 0.5574324324324325 0.0635499999999999 0.06756756756756757
0 0.6151 0.46030405405405406 0.04894999999999996 0.06476351351351357
0 0.5448 0.5574324324324325 0.06875 0.07601351351351351
0 0.234375 0.7622297297297298 0.10625 0.09712837837837837
0 0.525 0.8417905405405404 0.0875 0.0929054054054053
0 0.6333250000000001 0.7439527027027028 0.05000000000000007 0.0661486486486486
0 0.57865 0.6165540540540541 0.059375 0.07320945945945952
0 0.48905 0.6179729729729729 0.06355000000000004 0.06756756756756757