0 0.15990000000000001 0.5574324324324325 0.12812500000000002 0.09854729729729735
0 0.371875 0.625 0.07917500000000004 0.07320945945945952
0 0.26145 0.6735472972972973 0.07082500000000003 0.0633445945945946
0 0.645825 0.6348648648648648 0.11875 0.1069932432432433
0 0.555725 0.7840540540540542 0.090625 0.07601351351351351
0 0.5911500000000001 0.9283445945945946 0.071875 0.07179054054054054
0 0.6625 0.940304054054054 0.054174999999999966 0.04787162162162149
0 0.52395 0.9677702702702702 0.05 0.05209459459459446
0 0.8328 0.9072297297297298 0.0739500000000001 0.07179054054054054
0 0.8713500000000001 0.6362500000000001 0.1010499999999999 0.0929054054054054
0 0.975 0.6824324324324325 0.05 0.07432432432432433
0 0.9125 0.9311486486486487 0.0645750000000001 0.04925675675675689