0 0.6302 0.5926351351351351 0.07917500000000004 0.07601351351351351
0 0.45155 0.32658783783783785 0.07605000000000003 0.061925675675675716
0 0.31822500000000004 0.6932770270270271 0.08437500000000003 0.060540540540540595
0 0.320825 0.7664527027027027 0.0875 0.07743243243243249
0 0.12134999999999999 0.8987837837837839 0.09062499999999998 0.07459459459459464
0 0.1448 0.8108108108108109 0.07292499999999999 0.06476351351351357
0 0.6479250000000001 0.7847635135135135 0.05625 0.06898648648648655
0 0.73855 0.39625000000000005 0.0625 0.09432432432432428
0 0.74375 0.2850337837837838 0.05625 0.07743243243243249
0 0.710925 0.13513513513513514 0.0697999999999999 0.06192567567567567
0 0.7619750000000001 0.0893918918918919 0.053125 0.052094594594594604
0 0.8317749999999999 0.042939189189189195 0.0697999999999999 0.06898648648648649