0 0.572925 0.696081081081081 0.11457499999999995 0.13091216216216217
0 0.6801999999999999 0.6651351351351351 0.10417499999999996 0.16469594594594594
0 0.5677 0.5834797297297297 0.11667500000000004 0.11402027027027027
0 0.51615 0.5172972972972973 0.09894999999999995 0.09993243243243238
0 0.6073 0.43496621621621623 0.09374999999999993 0.09570945945945941
0 0.47917499999999996 0.3969594594594595 0.06875 0.07881756756756751
0 0.52345 0.44554054054054054 0.09269999999999996 0.09712837837837837
0 0.586975 0.35260135135135134 0.096875 0.07743243243243249
0 0.6958249999999999 0.2752027027027027 0.08125 0.07179054054054054
0 0.785925 0.2160810810810811 0.0864500000000001 0.06898648648648649
0 0.710925 0.19074324324324324 0.044799999999999895 0.04925675675675675
0 0.5114500000000001 0.3301013513513513 0.075 0.07459459459459464
0 0.49792499999999995 0.2709797297297297 0.06042500000000004 0.07179054054054054
0 0.517175 0.21679054054054053 0.059375 0.061925675675675695