0 0.06685044796691937 0.9091903719912472 0.13232253618194348 0.1816192560175055
0 0.19607167470709858 0.9150369256017505 0.14541695382494835 0.16739606126914652
0 0.2229496898690558 0.7459997264770241 0.10957960027567193 0.17724288840262575
0 0.13645761543762921 0.7388881291028445 0.1268090971743625 0.1958424507658642
0 0.054789800137835985 0.6639428336980306 0.1082012405237767 0.22319474835886224
0 0.033425223983459686 0.5260872538293216 0.06685044796691937 0.08971553610503281
0 0.04893177119228118 0.4648181072210066 0.09510682288077188 0.1269146608315099
0 0.3208132322536182 0.7219297045951859 0.048931771192281204 0.09846827133479208
0 0.15713301171605792 0.5020172319474836 0.08821502412129567 0.1269146608315099
0 0.21605789110957963 0.522257932166302 0.04341833218470022 0.0929978118161925
0 0.29703652653342527 0.5775095733041575 0.05926946933149555 0.08971553610503281
0 0.26430048242591314 0.4434833150984682 0.053066850447966905 0.06017505470459519
0 0.07615437629221226 0.3526736870897156 0.05168849069607169 0.05142231947483593
0 0.1822880771881461 0.3991725929978118 0.04893177119228118 0.07658643326039392
0 0.23569951757408686 0.3816671225382932 0.04410751206064782 0.06345733041575488
0 0.21502412129565815 0.4314483041575493 0.049620951068228794 0.08643326039387313
0 0.2008959338387319 0.34282685995623635 0.042039972432804974 0.08643326039387313
0 0.16023432115782218 0.32094502188183804 0.05168849069607169 0.08643326039387313
0 0.10957960027567196 0.30945705689277897 0.06064782908339077 0.09190371991247266
0 0.15506547208821503 0.26733451859956237 0.049620951068228794 0.07768052516411379
0 0.12198483804272915 0.2115358315098468 0.0551343900758098 0.062363238512035006
0 0.07133011716057891 0.24764086433260396 0.06960716747070986 0.05579868708971556
0 0.01137146795313577 0.2536583698030635 0.02274293590627154 0.04595185995623635
0 0.04066161268090972 0.2821047592997812 0.06891798759476223 0.07439824945295404
0 0.02929014472777395 0.12893189277899345 0.037904893177119224 0.0350109409190372