0 0.7391085203366058 0.7505411255411255 0.170406732117812 0.21753246753246755
0 0.33693460729312763 0.5357142857142857 0.12762973352033657 0.19264069264069264
0 0.16863166199158486 0.4475108225108226 0.07854137447405332 0.10281385281385287
0 0.1805531206171108 0.7943722943722943 0.16129032258064513 0.248917748917749
0 0.5155921283309958 0.7499999999999998 0.12936097475455818 0.158008658008658
0 0.04100192847124825 0.39015151515151514 0.07012622720897616 0.07251082251082254
0 0.2208757012622721 0.3003246753246754 0.053997194950911646 0.048701298701298745
0 0.3464016479663394 0.3587662337662338 0.07924263674614304 0.0725108225108225
0 0.4831477910238429 0.35064935064935066 0.11570827489481064 0.0930735930735931
0 0.48349842215988775 0.29220779220779225 0.06591865357643757 0.04978354978354982
0 0.5245222650771387 0.2478354978354978 0.07223001402524545 0.07359307359307357
0 0.9861391129032258 0.22781385281385283 0.0277217741935483 0.07683982683982682
0 0.970360711781206 0.599025974025974 0.05927857643758762 0.14610389610389607
0 0.12445213884992987 0.3035714285714286 0.0434782608695652 0.0422077922077922