0 0.17578125 0.12421875 0.3109375 0.209765625
0 0.50078125 0.12578125 0.32578125 0.241796875
0 0.81875 0.128125 0.299609375 0.207421875
0 0.1765625 0.35859375 0.3296875 0.24921875
0 0.49921875 0.3625 0.320703125 0.226953125
0 0.82578125 0.359375 0.320703125 0.25078125
0 0.1703125 0.60234375 0.327734375 0.24609375
0 0.4875 0.60234375 0.2796875 0.2375
0 0.81796875 0.60390625 0.3109375 0.23125
0 0.17734375 0.85546875 0.32421875 0.263671875
0 0.48671875 0.8546875 0.28515625 0.259765625
0 0.81640625 0.85546875 0.31796875 0.264453125