0 0.17578125 0.12421875 0.3171875 0.219921875
0 0.50078125 0.12578125 0.32421875 0.239453125
0 0.81875 0.128125 0.296484375 0.202734375
0 0.1765625 0.35859375 0.315625 0.22578125
0 0.49921875 0.3625 0.310546875 0.208203125
0 0.82578125 0.359375 0.301953125 0.22265625
0 0.1703125 0.60234375 0.312890625 0.2234375
0 0.4875 0.60234375 0.290625 0.25078125
0 0.81796875 0.60390625 0.31640625 0.2390625
0 0.17734375 0.85546875 0.32578125 0.266015625
0 0.48671875 0.8546875 0.2984375 0.274609375
0 0.81640625 0.85546875 0.321875 0.269140625