2 0.1953125 0.315625 0.10234375 0.065625
2 0.37265625 0.26171875 0.12890625 0.19296875
2 0.52734375 0.3109375 0.142578125 0.2359375
2 0.68984375 0.22265625 0.10546875 0.18125
2 0.74921875 0.38203125 0.1375 0.20625
2 0.78671875 0.54765625 0.165625 0.110546875
2 0.59140625 0.5515625 0.11015625 0.25078125
2 0.70078125 0.69453125 0.130859375 0.197265625
2 0.4484375 0.575 0.145703125 0.25078125
2 0.34296875 0.721875 0.126953125 0.246875
2 0.16328125 0.74375 0.14140625 0.185546875
2 0.17578125 0.57265625 0.143359375 0.129296875
2 0.28828125 0.46796875 0.143359375 0.114453125