2 0.1953125 0.315625 0.1015625 0.065625
2 0.37265625 0.26171875 0.1171875 0.1859375
2 0.52734375 0.3109375 0.13828125 0.2328125
2 0.68984375 0.22265625 0.103125 0.1796875
2 0.74921875 0.38203125 0.1296875 0.2015625
2 0.78671875 0.54765625 0.1640625 0.10859375
2 0.59140625 0.5515625 0.1 0.2484375
2 0.70078125 0.69453125 0.12265625 0.19296875
2 0.4484375 0.575 0.14453125 0.25
2 0.34296875 0.721875 0.12734375 0.246875
2 0.16328125 0.74375 0.1296875 0.17734375
2 0.17578125 0.57265625 0.13828125 0.12421875
2 0.28828125 0.46796875 0.13828125 0.10859375