2 0.4328125 0.3359375 0.115234375 0.190625
2 0.48203125 0.57890625 0.156640625 0.327734375
2 0.59921875 0.48203125 0.126953125 0.171484375
2 0.75859375 0.38125 0.125 0.191015625
2 0.640625 0.38203125 0.056640625 0.0953125
2 0.7703125 0.71015625 0.185546875 0.255078125
2 0.7375 0.90859375 0.159375 0.1828125
2 0.58671875 0.81015625 0.215625 0.238671875
2 0.62421875 0.61875 0.159375 0.163671875
2 0.5171875 0.92890625 0.146875 0.1421875
2 0.37578125 0.96484375 0.0890625 0.0703125
2 0.34296875 0.6109375 0.125390625 0.196484375
2 0.38359375 0.790625 0.133984375 0.19609375
2 0.184375 0.73359375 0.13828125 0.2953125
2 0.2171875 0.5296875 0.109375 0.19296875
2 0.03828125 0.875 0.0765625 0.21875
2 0.11484375 0.7625 0.2265625 0.475