2 0.4328125 0.3359375 0.125390625 0.19609375
2 0.48203125 0.57890625 0.159765625 0.329296875
2 0.59921875 0.48203125 0.126171875 0.170703125
2 0.75859375 0.38125 0.11796875 0.188671875
2 0.640625 0.38203125 0.053515625 0.09375
2 0.7703125 0.71015625 0.198828125 0.262890625
2 0.73828125 0.9078125 0.1640625 0.184375
2 0.58671875 0.81015625 0.21015625 0.233984375
2 0.62421875 0.61875 0.165625 0.169921875
2 0.5171875 0.928125 0.15 0.14375
2 0.37578125 0.9640625 0.0921875 0.071875
2 0.34296875 0.6109375 0.110546875 0.190234375
2 0.38359375 0.790625 0.135546875 0.196875
2 0.184375 0.73359375 0.13828125 0.2953125
2 0.2171875 0.5296875 0.115625 0.1953125
2 0.034375 0.875 0.06875 0.215625
2 0.1140625 0.7625 0.221875 0.475