1 0.39609375 0.1625 0.1609375 0.1703125
1 0.346875 0.34921875 0.12109375 0.19296875
1 0.4265625 0.396875 0.08046875 0.1671875
1 0.55859375 0.26953125 0.17890625 0.12421875
1 0.53671875 0.415625 0.10078125 0.2046875
1 0.6921875 0.3796875 0.203125 0.16171875
1 0.68125 0.52578125 0.23046875 0.1484375
1 0.68671875 0.74296875 0.24296875 0.20859375
1 0.24765625 0.5578125 0.11875 0.09609375
1 0.3265625 0.51796875 0.10390625 0.1328125
1 0.45390625 0.6 0.20703125 0.184375
1 0.39296875 0.73359375 0.18046875 0.1203125
1 0.296875 0.8140625 0.13203125 0.1046875
1 0.49375 0.89453125 0.18125 0.14296875