5 0.1875 0.18203125 0.221875 0.30859375
5 0.421875 0.17578125 0.1734375 0.32421875
5 0.6078125 0.16640625 0.13828125 0.2984375
5 0.828125 0.1953125 0.15703125 0.315625
5 0.84453125 0.8484375 0.08515625 0.18515625
5 0.6078125 0.8375 0.24140625 0.20078125
5 0.36171875 0.86953125 0.21015625 0.2125
5 0.1640625 0.85234375 0.178125 0.2640625
5 0.1859375 0.5390625 0.28203125 0.303125
5 0.52109375 0.54453125 0.2984375 0.3171875
5 0.834375 0.55703125 0.28828125 0.28828125
5 0.2546875 0.55078125 0.153125 0.30859375
5 0.115625 0.55546875 0.125 0.31171875
5 0.6 0.55234375 0.15703125 0.30546875
5 0.44453125 0.54296875 0.1546875 0.31015625
5 0.7625 0.5578125 0.1546875 0.296875
5 0.91640625 0.559375 0.146875 0.2984375