5 0.1875 0.18203125 0.23671875 0.318359375
5 0.421875 0.17578125 0.21015625 0.339453125
5 0.6078125 0.16640625 0.169140625 0.309375
5 0.828125 0.1953125 0.166796875 0.3203125
5 0.84453125 0.8484375 0.091796875 0.187109375
5 0.6078125 0.8375 0.262109375 0.227734375
5 0.36171875 0.86953125 0.217578125 0.21953125
5 0.1640625 0.85234375 0.20546875 0.28046875
5 0.1859375 0.5390625 0.305078125 0.325
5 0.52109375 0.54453125 0.32578125 0.3421875
5 0.834375 0.55703125 0.299609375 0.300390625
5 0.2546875 0.55078125 0.1734375 0.316796875
5 0.115625 0.55546875 0.12734375 0.312109375
5 0.6 0.55234375 0.164453125 0.308203125
5 0.44453125 0.54296875 0.159375 0.312890625
5 0.7625 0.5578125 0.175 0.30625
5 0.91640625 0.559375 0.1515625 0.3015625