0 0.13942307692307693 0.25240384615384615 0.14903846153846154 0.42788461538461536
0 0.27884615384615385 0.07692307692307693 0.09254807692307693 0.12620192307692307
0 0.0889423076923077 0.7403846153846154 0.10216346153846154 0.3112980769230769
0 0.22716346153846154 0.6814903846153846 0.06009615384615385 0.12259615384615384
0 0.3581730769230769 0.5516826923076923 0.03365384615384615 0.06971153846153846
0 0.3629807692307692 0.3641826923076923 0.0733173076923077 0.19471153846153846
0 0.5408653846153846 0.2283653846153846 0.13822115384615385 0.3545673076923077
0 0.4831730769230769 0.6153846153846154 0.09134615384615384 0.2644230769230769
0 0.34615384615384615 0.8485576923076923 0.10096153846153846 0.30288461538461536
0 0.6538461538461539 0.7259615384615384 0.08173076923076923 0.25841346153846156
0 0.5612980769230769 0.9459134615384616 0.12259615384615384 0.10336538461538461
0 0.8269230769230769 0.8317307692307693 0.14783653846153846 0.31850961538461536
0 0.7211538461538461 0.3762019230769231 0.11057692307692307 0.2620192307692308
0 0.6778846153846154 0.09014423076923077 0.06370192307692307 0.13221153846153846
0 0.7884615384615384 0.08413461538461539 0.042067307692307696 0.1141826923076923
0 0.9423076923076923 0.21153846153846154 0.1141826923076923 0.3112980769230769
0 0.90625 0.5625 0.042067307692307696 0.12139423076923077
0 0.984375 0.9663461538461539 0.03125 0.0673076923076923