5 0.6682692307692307 0.5456730769230769 0.27403846153846156 0.328125
5 0.28725961538461536 0.5216346153846154 0.2668269230769231 0.34615384615384615
5 0.25841346153846156 0.3425480769230769 0.17548076923076922 0.1658653846153846
5 0.4254807692307692 0.20192307692307693 0.18389423076923078 0.21995192307692307
5 0.7740384615384616 0.18509615384615385 0.11177884615384616 0.13581730769230768
5 0.8605769230769231 0.05048076923076923 0.11177884615384616 0.09254807692307693
5 0.4831730769230769 0.8221153846153846 0.1875 0.1971153846153846
5 0.31009615384615385 0.8894230769230769 0.2548076923076923 0.2127403846153846
5 0.8197115384615384 0.8786057692307693 0.09495192307692307 0.12740384615384615
5 0.8245192307692307 0.7199519230769231 0.09495192307692307 0.11298076923076923
5 0.9579326923076923 0.8629807692307693 0.08413461538461539 0.125
5 0.8389423076923077 0.9627403846153846 0.10697115384615384 0.07451923076923077
5 0.5480769230769231 0.41346153846153844 0.13341346153846154 0.17307692307692307
5 0.3317307692307692 0.6971153846153846 0.20192307692307693 0.15745192307692307
5 0.12740384615384615 0.9543269230769231 0.09014423076923077 0.08052884615384616
5 0.5625 0.11778846153846154 0.109375 0.10096153846153846
5 0.028846153846153848 0.453125 0.051682692307692304 0.24278846153846154
5 0.06971153846153846 0.039663461538461536 0.09254807692307693 0.07932692307692307
5 0.21153846153846154 0.21394230769230768 0.078125 0.09014423076923077