1 0.9098557692307693 0.19591346153846154 0.06971153846153846 0.08413461538461539
1 0.7992788461538461 0.234375 0.0889423076923077 0.16105769230769232
1 0.2932692307692308 0.24519230769230768 0.3076923076923077 0.3401442307692308
1 0.7175480769230769 0.2668269230769231 0.09375 0.3942307692307692
1 0.9639423076923077 0.27163461538461536 0.0673076923076923 0.15384615384615385
1 0.8846153846153846 0.3269230769230769 0.07692307692307693 0.1935096153846154
1 0.5192307692307693 0.3317307692307692 0.15745192307692307 0.3233173076923077
1 0.6538461538461539 0.33653846153846156 0.09134615384615384 0.23197115384615385
1 0.9819711538461539 0.41466346153846156 0.036057692307692304 0.06971153846153846
1 0.9254807692307693 0.4206730769230769 0.07091346153846154 0.14423076923076922
1 0.84375 0.4375 0.078125 0.13822115384615385
1 0.7764423076923077 0.5192307692307693 0.08052884615384616 0.09615384615384616
1 0.9026442307692307 0.5336538461538461 0.06971153846153846 0.08653846153846154
1 0.20072115384615385 0.5588942307692307 0.0889423076923077 0.2764423076923077
1 0.4362980769230769 0.5625 0.1658653846153846 0.2704326923076923
1 0.8581730769230769 0.5685096153846154 0.09134615384615384 0.10336538461538461
1 0.5504807692307693 0.5769230769230769 0.08052884615384616 0.16826923076923078
1 0.9807692307692307 0.6887019230769231 0.03485576923076923 0.11298076923076923
1 0.8774038461538461 0.7139423076923077 0.09134615384615384 0.16466346153846154
1 0.3293269230769231 0.7199519230769231 0.09735576923076923 0.3485576923076923
1 0.7992788461538461 0.7475961538461539 0.08413461538461539 0.1502403846153846
1 0.8509615384615384 0.07932692307692307 0.1141826923076923 0.15865384615384615
1 0.6478365384615384 0.8762019230769231 0.15144230769230768 0.23317307692307693
1 0.7716346153846154 0.9110576923076923 0.0829326923076923 0.1622596153846154
1 0.8894230769230769 0.9158653846153846 0.08533653846153846 0.15865384615384615
1 0.9639423076923077 0.10576923076923077 0.0673076923076923 0.140625