11 0.44471153846153844 0.5432692307692307 0.6394230769230769 0.49399038461538464
11 0.8004807692307693 0.12980769230769232 0.12860576923076922 0.234375
11 0.7788461538461539 0.6646634615384616 0.13341346153846154 0.24278846153846154
11 0.7403846153846154 0.8149038461538461 0.09615384615384616 0.08533653846153846
11 0.7283653846153846 0.90625 0.09495192307692307 0.08653846153846154
11 0.9350961538461539 0.6189903846153846 0.11538461538461539 0.18509615384615385
11 0.9663461538461539 0.3389423076923077 0.05889423076923077 0.10216346153846154
11 0.96875 0.1778846153846154 0.054086538461538464 0.125
11 0.9326923076923077 0.7572115384615384 0.1141826923076923 0.056490384615384616
11 0.6502403846153846 0.8605769230769231 0.055288461538461536 0.08653846153846154
11 0.625 0.75 0.06129807692307692 0.052884615384615384