1 0.06490384615384616 0.11298076923076923 0.12620192307692307 0.11658653846153846
1 0.12259615384615384 0.2860576923076923 0.15985576923076922 0.21634615384615385
1 0.18269230769230768 0.46875 0.08774038461538461 0.12860576923076922
1 0.3125 0.5252403846153846 0.13822115384615385 0.19951923076923078
1 0.32091346153846156 0.41466346153846156 0.11778846153846154 0.13701923076923078
1 0.1875 0.8125 0.10576923076923077 0.32572115384615385
1 0.3858173076923077 0.7788461538461539 0.10336538461538461 0.2608173076923077
1 0.3329326923076923 0.9543269230769231 0.12740384615384615 0.08052884615384616
1 0.4807692307692308 0.8389423076923077 0.10576923076923077 0.30288461538461536
1 0.5444711538461539 0.7235576923076923 0.11298076923076923 0.1310096153846154
1 0.5144230769230769 0.6454326923076923 0.08653846153846154 0.0985576923076923
1 0.45072115384615385 0.39302884615384615 0.13221153846153846 0.1658653846153846
1 0.43509615384615385 0.5661057692307693 0.09975961538461539 0.08413461538461539
1 0.42908653846153844 0.4675480769230769 0.09375 0.0889423076923077
1 0.6394230769230769 0.15384615384615385 0.09134615384615384 0.23076923076923078
1 0.7427884615384616 0.13701923076923078 0.10096153846153846 0.2403846153846154
1 0.7163461538461539 0.29927884615384615 0.07572115384615384 0.09375
1 0.9879807692307693 0.35697115384615385 0.02403846153846154 0.08413461538461539
1 0.8221153846153846 0.41346153846153844 0.08774038461538461 0.2800480769230769
1 0.6862980769230769 0.45913461538461536 0.10817307692307693 0.1201923076923077
1 0.5300480769230769 0.8605769230769231 0.09375 0.12379807692307693
1 0.5985576923076923 0.7920673076923077 0.10697115384615384 0.11778846153846154
1 0.5540865384615384 0.4855769230769231 0.12740384615384615 0.1141826923076923
1 0.5492788461538461 0.2536057692307692 0.10817307692307693 0.3918269230769231
1 0.6298076923076923 0.39903846153846156 0.08774038461538461 0.1201923076923077