11 0.11057692307692307 0.328125 0.16706730769230768 0.31490384615384615
11 0.36778846153846156 0.2668269230769231 0.1814903846153846 0.34975961538461536
11 0.49278846153846156 0.4326923076923077 0.203125 0.2692307692307692
11 0.5372596153846154 0.38221153846153844 0.20432692307692307 0.2247596153846154
11 0.21514423076923078 0.8149038461538461 0.15144230769230768 0.17908653846153846
11 0.38461538461538464 0.6911057692307693 0.19230769230769232 0.18509615384615385
11 0.65625 0.5600961538461539 0.3557692307692308 0.28846153846153844
11 0.7836538461538461 0.6081730769230769 0.21514423076923078 0.23677884615384615
11 0.7007211538461539 0.703125 0.15625 0.14182692307692307
11 0.9326923076923077 0.7463942307692307 0.11177884615384616 0.20432692307692307
11 0.8125 0.921875 0.17307692307692307 0.13221153846153846
11 0.9639423076923077 0.30528846153846156 0.054086538461538464 0.1935096153846154