6 0.7379807692307693 0.421875 0.2536057692307692 0.27163461538461536
6 0.5625 0.08413461538461539 0.39903846153846156 0.15384615384615385
6 0.8221153846153846 0.09615384615384616 0.32572115384615385 0.1875
6 0.4423076923076923 0.0625 0.28725961538461536 0.12139423076923077
6 0.29086538461538464 0.15745192307692307 0.2644230769230769 0.18028846153846154
6 0.12860576923076922 0.0673076923076923 0.21394230769230768 0.13341346153846154
6 0.07692307692307693 0.3485576923076923 0.14903846153846154 0.1778846153846154
6 0.31971153846153844 0.4375 0.1141826923076923 0.1622596153846154
6 0.18990384615384615 0.4987980769230769 0.15985576923076922 0.24759615384615385
6 0.5120192307692307 0.3641826923076923 0.3016826923076923 0.24278846153846154
6 0.8918269230769231 0.49038461538461536 0.20192307692307693 0.203125
6 0.9471153846153846 0.3233173076923077 0.10576923076923077 0.21394230769230768
6 0.30528846153846156 0.8028846153846154 0.2848557692307692 0.3701923076923077
6 0.5360576923076923 0.8040865384615384 0.20793269230769232 0.25721153846153844
6 0.5240384615384616 0.6033653846153846 0.1875 0.16826923076923078
6 0.7644230769230769 0.6826923076923077 0.17307692307692307 0.15985576923076922
6 0.7367788461538461 0.5865384615384616 0.13701923076923078 0.10096153846153846
6 0.9110576923076923 0.7596153846153846 0.16466346153846154 0.2776442307692308
6 0.9567307692307693 0.5288461538461539 0.07091346153846154 0.09014423076923077
6 0.06129807692307692 0.7487980769230769 0.10817307692307693 0.15625
6 0.3605769230769231 0.5673076923076923 0.1346153846153846 0.12620192307692307
6 0.056490384615384616 0.5456730769230769 0.11298076923076923 0.16706730769230768
6 0.23317307692307693 0.7235576923076923 0.1971153846153846 0.18389423076923078
6 0.21875 0.6490384615384616 0.1201923076923077 0.052884615384615384
6 0.8125 0.9362980769230769 0.3076923076923077 0.12740384615384615