1 0.5576923076923077 0.22355769230769232 0.07091346153846154 0.09495192307692307
1 0.45913461538461536 0.24759615384615385 0.09975961538461539 0.0829326923076923
1 0.8004807692307693 0.25 0.10576923076923077 0.07211538461538461
1 0.35096153846153844 0.2536057692307692 0.18870192307692307 0.15144230769230768
1 0.9807692307692307 0.2620192307692308 0.038461538461538464 0.06610576923076923
1 0.2091346153846154 0.28365384615384615 0.15264423076923078 0.29447115384615385
1 0.3581730769230769 0.3629807692307692 0.09495192307692307 0.0673076923076923
1 0.6274038461538461 0.38341346153846156 0.12139423076923077 0.23798076923076922
1 0.8076923076923077 0.4411057692307692 0.1935096153846154 0.07932692307692307
1 0.8040865384615384 0.5216346153846154 0.09375 0.08533653846153846
1 0.49278846153846156 0.5552884615384616 0.08052884615384616 0.10576923076923077
1 0.10096153846153846 0.5925480769230769 0.1141826923076923 0.20432692307692307
1 0.6201923076923077 0.6358173076923077 0.25841346153846156 0.10817307692307693
1 0.5120192307692307 0.71875 0.12379807692307693 0.06610576923076923
1 0.2956730769230769 0.07211538461538461 0.10216346153846154 0.125
1 0.7139423076923077 0.7572115384615384 0.09615384615384616 0.12860576923076922
1 0.6057692307692307 0.7632211538461539 0.09254807692307693 0.06490384615384616
1 0.7980769230769231 0.7764423076923077 0.07211538461538461 0.056490384615384616
1 0.9423076923076923 0.8076923076923077 0.1141826923076923 0.11177884615384616
1 0.6418269230769231 0.8100961538461539 0.09495192307692307 0.05889423076923077
1 0.7379807692307693 0.8509615384615384 0.12379807692307693 0.06129807692307692
1 0.5889423076923077 0.8774038461538461 0.09615384615384616 0.0625
1 0.7235576923076923 0.921875 0.125 0.07932692307692307
1 0.5913461538461539 0.921875 0.09975961538461539 0.026442307692307692
1 0.05889423076923077 0.9507211538461539 0.09375 0.09375
1 0.16346153846153846 0.9567307692307693 0.1045673076923077 0.0829326923076923
1 0.9158653846153846 0.9639423076923077 0.1201923076923077 0.06370192307692307
1 0.6826923076923077 0.9663461538461539 0.1045673076923077 0.054086538461538464
1 0.5961538461538461 0.9747596153846154 0.08173076923076923 0.03125
1 0.7836538461538461 0.10096153846153846 0.09014423076923077 0.0625
1 0.23317307692307693 0.13581730769230768 0.09254807692307693 0.055288461538461536
1 0.40024038461538464 0.140625 0.0985576923076923 0.10817307692307693
1 0.4879807692307692 0.14423076923076922 0.09735576923076923 0.09495192307692307
1 0.6971153846153846 0.1466346153846154 0.06610576923076923 0.17908653846153846
1 0.9807692307692307 0.1622596153846154 0.03365384615384615 0.055288461538461536
1 0.30288461538461536 0.16346153846153846 0.0829326923076923 0.06370192307692307
1 0.9014423076923077 0.16826923076923078 0.10576923076923077 0.1310096153846154
1 0.609375 0.17668269230769232 0.10817307692307693 0.16105769230769232
1 0.7548076923076923 0.18269230769230768 0.0829326923076923 0.06370192307692307