11 0.640625 0.026442307692307692 0.0985576923076923 0.039663461538461536
11 0.29086538461538464 0.03125 0.09134615384615384 0.057692307692307696
11 0.48197115384615385 0.3485576923076923 0.13701923076923078 0.140625
11 0.3293269230769231 0.42788461538461536 0.17668269230769232 0.2403846153846154
11 0.8028846153846154 0.4723557692307692 0.171875 0.17548076923076922
11 0.6298076923076923 0.49278846153846156 0.09254807692307693 0.12139423076923077
11 0.2091346153846154 0.5504807692307693 0.15985576923076922 0.22115384615384615
11 0.5961538461538461 0.5865384615384616 0.07211538461538461 0.11057692307692307
11 0.7223557692307693 0.07211538461538461 0.10817307692307693 0.12860576923076922
11 0.8377403846153846 0.08052884615384616 0.12740384615384615 0.16105769230769232
11 0.65625 0.09615384615384616 0.13942307692307693 0.11538461538461539
11 0.7475961538461539 0.09735576923076923 0.08533653846153846 0.11298076923076923
11 0.3269230769230769 0.11778846153846154 0.15745192307692307 0.1141826923076923
11 0.17548076923076922 0.20673076923076922 0.056490384615384616 0.06370192307692307
11 0.34615384615384615 0.22115384615384615 0.056490384615384616 0.038461538461538464