5 0.8677884615384616 0.29086538461538464 0.10576923076923077 0.08774038461538461
5 0.09134615384615384 0.33413461538461536 0.14903846153846154 0.16466346153846154
5 0.6442307692307693 0.3449519230769231 0.12620192307692307 0.1466346153846154
5 0.33653846153846156 0.359375 0.11899038461538461 0.12259615384615384
5 0.44471153846153844 0.4182692307692308 0.11177884615384616 0.16346153846153846
5 0.31490384615384615 0.43990384615384615 0.16346153846153846 0.203125
5 0.8149038461538461 0.5408653846153846 0.24158653846153846 0.2512019230769231
5 0.2548076923076923 0.5576923076923077 0.11057692307692307 0.10216346153846154
5 0.055288461538461536 0.5793269230769231 0.11057692307692307 0.2692307692307692
5 0.46153846153846156 0.5829326923076923 0.12980769230769232 0.12740384615384615
5 0.19110576923076922 0.6153846153846154 0.14182692307692307 0.15384615384615385
5 0.39903846153846156 0.7884615384615384 0.19230769230769232 0.27524038461538464
5 0.11177884615384616 0.8173076923076923 0.19951923076923078 0.16706730769230768
5 0.12259615384615384 0.8918269230769231 0.14302884615384615 0.1778846153846154
5 0.7175480769230769 0.12379807692307693 0.20432692307692307 0.21875
5 0.8894230769230769 0.13942307692307693 0.21754807692307693 0.26322115384615385
5 0.15625 0.15625 0.1778846153846154 0.20793269230769232