1 0.7067307692307693 0.2704326923076923 0.2644230769230769 0.53125
1 0.7872596153846154 0.8100961538461539 0.24278846153846154 0.3473557692307692
1 0.8365384615384616 0.7211538461538461 0.20072115384615385 0.3557692307692308
1 0.5288461538461539 0.11778846153846154 0.15264423076923078 0.22596153846153846
1 0.07211538461538461 0.13942307692307693 0.12980769230769232 0.24519230769230768
1 0.16105769230769232 0.3425480769230769 0.28966346153846156 0.37740384615384615
1 0.1971153846153846 0.5540865384615384 0.22115384615384615 0.3004807692307692
1 0.38221153846153844 0.5588942307692307 0.14302884615384615 0.35336538461538464
1 0.4963942307692308 0.5096153846153846 0.27163461538461536 0.4951923076923077
1 0.43990384615384615 0.23798076923076922 0.12620192307692307 0.14543269230769232
1 0.38461538461538464 0.06129807692307692 0.12980769230769232 0.0985576923076923
1 0.23677884615384615 0.8461538461538461 0.23317307692307693 0.2848557692307692
1 0.18509615384615385 0.026442307692307692 0.11177884615384616 0.046875