6 0.2692307692307692 0.27403846153846156 0.21514423076923078 0.3161057692307692
6 0.8509615384615384 0.296875 0.1201923076923077 0.1466346153846154
6 0.9603365384615384 0.3473557692307692 0.07932692307692307 0.15625
6 0.7524038461538461 0.04447115384615385 0.09735576923076923 0.055288461538461536
6 0.390625 0.4375 0.10336538461538461 0.12620192307692307
6 0.6394230769230769 0.49759615384615385 0.18389423076923078 0.13581730769230768
6 0.9519230769230769 0.5036057692307693 0.0829326923076923 0.13701923076923078
6 0.8401442307692307 0.5072115384615384 0.19471153846153846 0.27403846153846156
6 0.8125 0.7115384615384616 0.18389423076923078 0.21634615384615385
6 0.3954326923076923 0.8076923076923077 0.09375 0.1141826923076923
6 0.3076923076923077 0.8125 0.09254807692307693 0.11538461538461539
6 0.4362980769230769 0.09375 0.13701923076923078 0.09735576923076923
6 0.8557692307692307 0.09615384615384616 0.1310096153846154 0.109375
6 0.3269230769230769 0.09615384615384616 0.140625 0.06370192307692307
6 0.7680288461538461 0.9350961538461539 0.16105769230769232 0.11658653846153846
6 0.19471153846153846 0.9591346153846154 0.13822115384615385 0.07572115384615384
6 0.6850961538461539 0.10817307692307693 0.0733173076923077 0.10576923076923077
6 0.8882211538461539 0.19831730769230768 0.13221153846153846 0.18990384615384615
6 0.7103365384615384 0.2403846153846154 0.12259615384615384 0.21514423076923078