5 0.5745192307692307 0.7836538461538461 0.14302884615384615 0.17908653846153846
5 0.38341346153846156 0.5697115384615384 0.09375 0.1346153846153846
5 0.3317307692307692 0.5865384615384616 0.06129807692307692 0.06850961538461539
5 0.6875 0.13221153846153846 0.0625 0.1045673076923077
5 0.04927884615384615 0.25240384615384615 0.05048076923076923 0.07211538461538461
5 0.7151442307692307 0.6923076923076923 0.06009615384615385 0.08173076923076923
5 0.9759615384615384 0.8341346153846154 0.046875 0.0733173076923077
5 0.0985576923076923 0.9002403846153846 0.04927884615384615 0.06490384615384616
5 0.0889423076923077 0.6394230769230769 0.04927884615384615 0.06610576923076923
5 0.14903846153846154 0.8701923076923077 0.05889423076923077 0.07211538461538461
5 0.6310096153846154 0.9146634615384616 0.04567307692307692 0.06009615384615385
5 0.7439903846153846 0.44350961538461536 0.055288461538461536 0.07451923076923077
5 0.5264423076923077 0.203125 0.038461538461538464 0.04567307692307692
6 0.47115384615384615 0.5649038461538461 0.037259615384615384 0.057692307692307696
5 0.4254807692307692 0.8149038461538461 0.057692307692307696 0.04807692307692308
5 0.5432692307692307 0.9639423076923077 0.038461538461538464 0.037259615384615384
5 0.9158653846153846 0.7524038461538461 0.03245192307692308 0.037259615384615384