2 0.08653846153846154 0.08413461538461539 0.16466346153846154 0.12620192307692307
2 0.2920673076923077 0.16826923076923078 0.10817307692307693 0.16466346153846154
2 0.20432692307692307 0.04807692307692308 0.17427884615384615 0.08173076923076923
5 0.2283653846153846 0.6201923076923077 0.203125 0.26322115384615385
5 0.12259615384615384 0.5745192307692307 0.15264423076923078 0.20552884615384615
5 0.20673076923076922 0.39903846153846156 0.1875 0.21754807692307693
5 0.328125 0.4735576923076923 0.23317307692307693 0.21995192307692307
5 0.3701923076923077 0.34615384615384615 0.11177884615384616 0.109375
5 0.4375 0.7043269230769231 0.2439903846153846 0.2403846153846154
5 0.671875 0.7307692307692307 0.23317307692307693 0.19230769230769232
5 0.9230769230769231 0.29086538461538464 0.14423076923076922 0.18389423076923078
5 0.9519230769230769 0.15384615384615385 0.09495192307692307 0.20192307692307693
5 0.7704326923076923 0.3389423076923077 0.17067307692307693 0.16706730769230768
5 0.6490384615384616 0.4411057692307692 0.23076923076923078 0.21875
5 0.5192307692307693 0.2704326923076923 0.26322115384615385 0.3389423076923077
5 0.46153846153846156 0.5360576923076923 0.08653846153846154 0.08173076923076923
5 0.4639423076923077 0.4423076923076923 0.11057692307692307 0.09735576923076923
5 0.7043269230769231 0.6177884615384616 0.1875 0.14543269230769232
5 0.6225961538461539 0.5612980769230769 0.07692307692307693 0.07932692307692307