5 0.7403846153846154 0.20432692307692307 0.27524038461538464 0.23677884615384615
5 0.08052884615384616 0.23798076923076922 0.15625 0.16706730769230768
5 0.421875 0.5540865384615384 0.19951923076923078 0.1466346153846154
5 0.5444711538461539 0.38461538461538464 0.15144230769230768 0.19831730769230768
5 0.7211538461538461 0.4254807692307692 0.18629807692307693 0.19230769230769232
5 0.7896634615384616 0.71875 0.13701923076923078 0.11658653846153846
5 0.8004807692307693 0.6430288461538461 0.140625 0.13221153846153846
5 0.33413461538461536 0.7019230769230769 0.14903846153846154 0.1346153846153846
5 0.16105769230769232 0.7235576923076923 0.17908653846153846 0.1502403846153846
5 0.055288461538461536 0.7283653846153846 0.11057692307692307 0.15384615384615385
5 0.18028846153846154 0.8497596153846154 0.19230769230769232 0.13701923076923078
5 0.11778846153846154 0.9014423076923077 0.15264423076923078 0.14783653846153846
5 0.45913461538461536 0.96875 0.1778846153846154 0.06129807692307692
5 0.5985576923076923 0.9399038461538461 0.11177884615384616 0.1201923076923077
5 0.5360576923076923 0.8629807692307693 0.15985576923076922 0.19831730769230768