5 0.08774038461538461 0.2764423076923077 0.016826923076923076 0.019230769230769232
5 0.5721153846153846 0.2980769230769231 0.027644230769230768 0.028846153846153848
5 0.9290865384615384 0.35096153846153844 0.03125 0.03365384615384615
5 0.3076923076923077 0.3798076923076923 0.02403846153846154 0.03245192307692308
5 0.8341346153846154 0.37740384615384615 0.04447115384615385 0.06850961538461539
5 0.09134615384615384 0.3870192307692308 0.06129807692307692 0.07211538461538461
5 0.8413461538461539 0.4182692307692308 0.06129807692307692 0.08173076923076923
5 0.7908653846153846 0.04447115384615385 0.04447115384615385 0.06490384615384616
5 0.6177884615384616 0.43028846153846156 0.03365384615384615 0.04326923076923077
5 0.7620192307692307 0.45913461538461536 0.028846153846153848 0.039663461538461536
5 0.5612980769230769 0.5264423076923077 0.04567307692307692 0.056490384615384616
5 0.25 0.5264423076923077 0.014423076923076924 0.018028846153846152
5 0.057692307692307696 0.5264423076923077 0.025240384615384616 0.037259615384615384
5 0.20673076923076922 0.5276442307692307 0.013221153846153846 0.016826923076923076
5 0.49038461538461536 0.5288461538461539 0.018028846153846152 0.025240384615384616
5 0.1141826923076923 0.5360576923076923 0.040865384615384616 0.054086538461538464
5 0.2283653846153846 0.5576923076923077 0.019230769230769232 0.025240384615384616
5 0.3293269230769231 0.5685096153846154 0.020432692307692308 0.026442307692307692
5 0.5769230769230769 0.5865384615384616 0.025240384615384616 0.030048076923076924
5 0.375 0.5889423076923077 0.025240384615384616 0.03245192307692308
5 0.28846153846153844 0.5985576923076923 0.025240384615384616 0.027644230769230768
5 0.7776442307692307 0.6298076923076923 0.036057692307692304 0.04927884615384615
5 0.15264423076923078 0.06490384615384616 0.036057692307692304 0.04447115384615385
5 0.5048076923076923 0.6466346153846154 0.10096153846153846 0.13942307692307693
5 0.33653846153846156 0.6442307692307693 0.014423076923076924 0.015625
5 0.8245192307692307 0.6514423076923077 0.038461538461538464 0.046875
5 0.10096153846153846 0.6550480769230769 0.04807692307692308 0.06009615384615385
5 0.9891826923076923 0.6658653846153846 0.021634615384615384 0.03485576923076923
5 0.6322115384615384 0.6658653846153846 0.037259615384615384 0.04447115384615385
5 0.9338942307692307 0.6875 0.05048076923076923 0.04927884615384615
5 0.8028846153846154 0.6947115384615384 0.03245192307692308 0.03365384615384615
5 0.20432692307692307 0.7692307692307693 0.04927884615384615 0.0625
5 0.5336538461538461 0.7824519230769231 0.030048076923076924 0.036057692307692304
5 0.3329326923076923 0.8149038461538461 0.026442307692307692 0.03245192307692308
5 0.578125 0.8149038461538461 0.036057692307692304 0.04326923076923077
5 0.39783653846153844 0.8233173076923077 0.026442307692307692 0.036057692307692304
5 0.3858173076923077 0.8557692307692307 0.021634615384615384 0.02283653846153846
5 0.44591346153846156 0.875 0.01201923076923077 0.013221153846153846
5 0.6442307692307693 0.8822115384615384 0.019230769230769232 0.02283653846153846
5 0.9230769230769231 0.8870192307692307 0.020432692307692308 0.02403846153846154
5 0.3125 0.8942307692307693 0.015625 0.018028846153846152
5 0.7487980769230769 0.8990384615384616 0.04567307692307692 0.057692307692307696
5 0.5540865384615384 0.9086538461538461 0.04567307692307692 0.0625
5 0.18629807692307693 0.9134615384615384 0.04567307692307692 0.056490384615384616
5 0.42908653846153844 0.9194711538461539 0.03125 0.040865384615384616
5 0.8870192307692307 0.9447115384615384 0.056490384615384616 0.06129807692307692
5 0.37740384615384615 0.9495192307692307 0.052884615384615384 0.078125
5 0.7836538461538461 0.11778846153846154 0.019230769230769232 0.037259615384615384
5 0.5805288461538461 0.11658653846153846 0.3245192307692308 0.2283653846153846
5 0.021634615384615384 0.14903846153846154 0.03365384615384615 0.037259615384615384
5 0.9278846153846154 0.15625 0.030048076923076924 0.038461538461538464
5 0.04807692307692308 0.019230769230769232 0.052884615384615384 0.037259615384615384
5 0.19471153846153846 0.16346153846153846 0.014423076923076924 0.019230769230769232
5 0.2283653846153846 0.16346153846153846 0.028846153846153848 0.030048076923076924
5 0.08052884615384616 0.17067307692307693 0.01201923076923077 0.015625
5 0.036057692307692304 0.20793269230769232 0.013221153846153846 0.021634615384615384
5 0.9891826923076923 0.02283653846153846 0.021634615384615384 0.03125
5 0.24759615384615385 0.2403846153846154 0.078125 0.1045673076923077