11 0.33653846153846156 0.15144230769230768 0.19591346153846154 0.23076923076923078
11 0.15384615384615385 0.020432692307692308 0.16706730769230768 0.040865384615384616
11 0.1141826923076923 0.3389423076923077 0.21394230769230768 0.21033653846153846
11 0.042067307692307696 0.8990384615384616 0.07932692307692307 0.20192307692307693
11 0.5264423076923077 0.484375 0.19591346153846154 0.1658653846153846
11 0.3894230769230769 0.9002403846153846 0.171875 0.16105769230769232
11 0.6322115384615384 0.7932692307692307 0.19110576923076922 0.14783653846153846
11 0.8389423076923077 0.9242788461538461 0.1814903846153846 0.12259615384615384
11 0.9038461538461539 0.4050480769230769 0.1814903846153846 0.1658653846153846
11 0.9567307692307693 0.19110576923076922 0.08052884615384616 0.18509615384615385
11 0.9759615384615384 0.96875 0.04326923076923077 0.054086538461538464
11 0.9675480769230769 0.8052884615384616 0.06490384615384616 0.16346153846153846