1 0.9639423076923077 0.4014423076923077 0.05889423076923077 0.24879807692307693
11 0.5504807692307693 0.44471153846153844 0.31850961538461536 0.29447115384615385
11 0.2620192307692308 0.5096153846153846 0.31850961538461536 0.3076923076923077
11 0.6358173076923077 0.055288461538461536 0.1658653846153846 0.1045673076923077
11 0.8245192307692307 0.5769230769230769 0.3233173076923077 0.4026442307692308
11 0.28365384615384615 0.8197115384615384 0.5336538461538461 0.3425480769230769
11 0.7235576923076923 0.8846153846153846 0.18389423076923078 0.22956730769230768
11 0.7716346153846154 0.09375 0.11899038461538461 0.13341346153846154
1 0.8713942307692307 0.90625 0.25240384615384615 0.17427884615384615
11 0.11298076923076923 0.9350961538461539 0.19591346153846154 0.11899038461538461
11 0.6947115384615384 0.25240384615384615 0.23677884615384615 0.14423076923076922