11 0.6177884615384616 0.8774038461538461 0.16466346153846154 0.20673076923076922
11 0.2980769230769231 0.18269230769230768 0.20192307692307693 0.15985576923076922
11 0.2283653846153846 0.4423076923076923 0.11658653846153846 0.20192307692307693
11 0.2644230769230769 0.44591346153846156 0.20673076923076922 0.2668269230769231
11 0.49759615384615385 0.41586538461538464 0.1346153846153846 0.33052884615384615
11 0.4495192307692308 0.38221153846153844 0.15264423076923078 0.39903846153846156
11 0.6081730769230769 0.19230769230769232 0.09254807692307693 0.1971153846153846
11 0.7223557692307693 0.4807692307692308 0.18990384615384615 0.28365384615384615
11 0.7692307692307693 0.8774038461538461 0.07091346153846154 0.08533653846153846
11 0.03365384615384615 0.9302884615384616 0.0673076923076923 0.13942307692307693
11 0.421875 0.8317307692307693 0.06009615384615385 0.07572115384615384
11 0.5336538461538461 0.7475961538461539 0.1045673076923077 0.20192307692307693
11 0.37740384615384615 0.8425480769230769 0.06129807692307692 0.08413461538461539
11 0.9495192307692307 0.08774038461538461 0.09975961538461539 0.1658653846153846
11 0.08052884615384616 0.6370192307692307 0.12259615384615384 0.11538461538461539
11 0.734375 0.037259615384615384 0.25721153846153844 0.055288461538461536