6 0.59375 0.15144230769230768 0.11658653846153846 0.203125
6 0.6117788461538461 0.5336538461538461 0.18028846153846154 0.34134615384615385
6 0.53125 0.3762019230769231 0.11057692307692307 0.18509615384615385
6 0.41466346153846156 0.2956730769230769 0.10817307692307693 0.15865384615384615
6 0.33533653846153844 0.41346153846153844 0.11298076923076923 0.18870192307692307
6 0.13942307692307693 0.8942307692307693 0.046875 0.07572115384615384
6 0.5913461538461539 0.8185096153846154 0.15384615384615385 0.24759615384615385
6 0.7548076923076923 0.7403846153846154 0.07091346153846154 0.06850961538461539
6 0.5096153846153846 0.6033653846153846 0.08052884615384616 0.09014423076923077
6 0.5096153846153846 0.96875 0.046875 0.054086538461538464
6 0.5204326923076923 0.5144230769230769 0.06009615384615385 0.08052884615384616
6 0.4326923076923077 0.4963942307692308 0.11538461538461539 0.21394230769230768
6 0.3701923076923077 0.5336538461538461 0.057692307692307696 0.0733173076923077
6 0.6875 0.9038461538461539 0.1622596153846154 0.18389423076923078
6 0.9879807692307693 0.4254807692307692 0.02403846153846154 0.1346153846153846