5 0.9206730769230769 0.3942307692307692 0.04807692307692308 0.07091346153846154
5 0.9711538461538461 0.42427884615384615 0.052884615384615384 0.0985576923076923
5 0.02403846153846154 0.4387019230769231 0.042067307692307696 0.07932692307692307
5 0.8173076923076923 0.055288461538461536 0.04447115384615385 0.056490384615384616
5 0.5192307692307693 0.5625 0.7824519230769231 0.8425480769230769
5 0.8942307692307693 0.6033653846153846 0.042067307692307696 0.03485576923076923
5 0.9567307692307693 0.06370192307692307 0.030048076923076924 0.03125
5 0.9663461538461539 0.6610576923076923 0.06129807692307692 0.09735576923076923
5 0.4338942307692308 0.07451923076923077 0.05048076923076923 0.06370192307692307
5 0.9711538461538461 0.7632211538461539 0.025240384615384616 0.03125
5 0.6694711538461539 0.08653846153846154 0.04567307692307692 0.04807692307692308
5 0.9759615384615384 0.8557692307692307 0.030048076923076924 0.052884615384615384
5 0.9326923076923077 0.8701923076923077 0.025240384615384616 0.042067307692307696
5 0.8473557692307693 0.8822115384615384 0.03125 0.03245192307692308
5 0.8317307692307693 0.9375 0.07211538461538461 0.0625
5 0.8737980769230769 0.0985576923076923 0.06009615384615385 0.056490384615384616
5 0.7596153846153846 0.10576923076923077 0.09014423076923077 0.07091346153846154
5 0.9459134615384616 0.125 0.016826923076923076 0.03245192307692308
5 0.04807692307692308 0.14182692307692307 0.07692307692307693 0.10096153846153846
5 0.8305288461538461 0.14903846153846154 0.03125 0.046875
5 0.9663461538461539 0.19951923076923078 0.04447115384615385 0.06850961538461539
5 0.10817307692307693 0.24519230769230768 0.030048076923076924 0.04326923076923077