2 0.47596153846153844 0.2932692307692308 0.20793269230769232 0.1814903846153846
2 0.8353365384615384 0.3401442307692308 0.1658653846153846 0.18509615384615385
2 0.6875 0.34615384615384615 0.22235576923076922 0.23677884615384615
2 0.4855769230769231 0.4170673076923077 0.23076923076923078 0.2091346153846154
2 0.27163461538461536 0.43028846153846156 0.2608173076923077 0.19110576923076922
2 0.7259615384615384 0.5336538461538461 0.2848557692307692 0.20673076923076922
2 0.27884615384615385 0.5841346153846154 0.1875 0.13341346153846154
2 0.45913461538461536 0.6021634615384616 0.29447115384615385 0.3245192307692308
2 0.9314903846153846 0.6322115384615384 0.12740384615384615 0.20072115384615385
2 0.11899038461538461 0.6586538461538461 0.23798076923076922 0.25
2 0.7788461538461539 0.7331730769230769 0.265625 0.20192307692307693