11 0.36778846153846156 0.15144230769230768 0.296875 0.28846153846153844
11 0.40024038461538464 0.12259615384615384 0.25240384615384615 0.24519230769230768
11 0.5949519230769231 0.12980769230769232 0.18990384615384615 0.20552884615384615
11 0.6514423076923077 0.23557692307692307 0.234375 0.21033653846153846
11 0.6418269230769231 0.35216346153846156 0.12860576923076922 0.18509615384615385
11 0.8004807692307693 0.7451923076923077 0.3425480769230769 0.25841346153846156
11 0.5865384615384616 0.6911057692307693 0.34975961538461536 0.46875
11 0.21875 0.3701923076923077 0.23918269230769232 0.26802884615384615
11 0.42788461538461536 0.49278846153846156 0.2512019230769231 0.234375
11 0.28846153846153844 0.6887019230769231 0.30288461538461536 0.3581730769230769
11 0.46153846153846156 0.9134615384615384 0.2776442307692308 0.16346153846153846