11 0.3401442307692308 0.8317307692307693 0.27163461538461536 0.27884615384615385
11 0.18028846153846154 0.7716346153846154 0.25961538461538464 0.3894230769230769
11 0.2403846153846154 0.25721153846153844 0.14903846153846154 0.22115384615384615
11 0.2403846153846154 0.07091346153846154 0.16947115384615385 0.14182692307692307
11 0.5528846153846154 0.08413461538461539 0.3317307692307692 0.16826923076923078
11 0.8004807692307693 0.06971153846153846 0.0829326923076923 0.1310096153846154
11 0.6490384615384616 0.49278846153846156 0.3894230769230769 0.5865384615384616
11 0.8990384615384616 0.6778846153846154 0.16826923076923078 0.3269230769230769
11 0.7740384615384616 0.8894230769230769 0.17307692307692307 0.2127403846153846
11 0.4423076923076923 0.7283653846153846 0.21153846153846154 0.13581730769230768
11 0.3798076923076923 0.38822115384615385 0.1935096153846154 0.4254807692307692