11 0.3016826923076923 0.31009615384615385 0.1466346153846154 0.15504807692307693
11 0.6069711538461539 0.3112980769230769 0.12740384615384615 0.07932692307692307
11 0.2620192307692308 0.39302884615384615 0.17908653846153846 0.18990384615384615
11 0.6514423076923077 0.4807692307692308 0.1502403846153846 0.12379807692307693
11 0.5769230769230769 0.055288461538461536 0.11057692307692307 0.10216346153846154
11 0.6766826923076923 0.6394230769230769 0.18509615384615385 0.22716346153846154
11 0.9447115384615384 0.6658653846153846 0.1045673076923077 0.19831730769230768
11 0.3076923076923077 0.6983173076923077 0.13822115384615385 0.16105769230769232
11 0.5949519230769231 0.8257211538461539 0.12740384615384615 0.21875
11 0.7427884615384616 0.09254807692307693 0.1502403846153846 0.17548076923076922
11 0.18990384615384615 0.09375 0.17908653846153846 0.16346153846153846