11 0.8930288461538461 0.6538461538461539 0.15625 0.13822115384615385
11 0.7764423076923077 0.12980769230769232 0.21634615384615385 0.2403846153846154
11 0.13701923076923078 0.44711538461538464 0.13942307692307693 0.14543269230769232
11 0.47836538461538464 0.5288461538461539 0.2848557692307692 0.3762019230769231
11 0.6971153846153846 0.6117788461538461 0.22115384615384615 0.3918269230769231
11 0.47836538461538464 0.8509615384615384 0.25600961538461536 0.2848557692307692
11 0.34375 0.9206730769230769 0.1778846153846154 0.1502403846153846
11 0.22596153846153846 0.7764423076923077 0.1346153846153846 0.23677884615384615
11 0.1141826923076923 0.640625 0.12740384615384615 0.2283653846153846
11 0.16947115384615385 0.1201923076923077 0.10336538461538461 0.12620192307692307
11 0.39663461538461536 0.2439903846153846 0.125 0.19951923076923078
11 0.7247596153846154 0.35697115384615385 0.1658653846153846 0.18028846153846154
11 0.25721153846153844 0.43990384615384615 0.10096153846153846 0.13822115384615385
11 0.0673076923076923 0.8653846153846154 0.10576923076923077 0.09014423076923077
11 0.040865384615384616 0.36899038461538464 0.07091346153846154 0.13701923076923078
11 0.07451923076923077 0.18269230769230768 0.06370192307692307 0.12139423076923077
11 0.040865384615384616 0.09134615384615384 0.0733173076923077 0.15865384615384615
11 0.5769230769230769 0.125 0.16346153846153846 0.24158653846153846