5 0.15865384615384615 0.3004807692307692 0.18870192307692307 0.24519230769230768
5 0.47836538461538464 0.3713942307692308 0.04927884615384615 0.06490384615384616
5 0.6213942307692307 0.4951923076923077 0.07451923076923077 0.09735576923076923
5 0.6298076923076923 0.39302884615384615 0.09134615384615384 0.10336538461538461
5 0.8846153846153846 0.47716346153846156 0.15504807692307693 0.20432692307692307
5 0.8485576923076923 0.7115384615384616 0.09495192307692307 0.11538461538461539
5 0.6658653846153846 0.8461538461538461 0.054086538461538464 0.09014423076923077
5 0.5961538461538461 0.9014423076923077 0.06129807692307692 0.078125
5 0.25721153846153844 0.9591346153846154 0.08173076923076923 0.08173076923076923
5 0.5829326923076923 0.6153846153846154 0.055288461538461536 0.078125
5 0.8701923076923077 0.021634615384615384 0.09495192307692307 0.03485576923076923
10 0.02403846153846154 0.5 0.027644230769230768 0.10096153846153846