5 0.9002403846153846 0.23798076923076922 0.10817307692307693 0.15865384615384615
5 0.7644230769230769 0.25961538461538464 0.10096153846153846 0.21153846153846154
5 0.6574519230769231 0.23076923076923078 0.10817307692307693 0.16346153846153846
5 0.24278846153846154 0.26322115384615385 0.1201923076923077 0.15625
5 0.0733173076923077 0.7644230769230769 0.08413461538461539 0.11658653846153846
5 0.44711538461538464 0.5504807692307693 0.4338942307692308 0.703125
5 0.8389423076923077 0.3762019230769231 0.12980769230769232 0.1658653846153846
5 0.9591346153846154 0.5264423076923077 0.07572115384615384 0.23677884615384615
5 0.7475961538461539 0.9038461538461539 0.08774038461538461 0.12379807692307693
5 0.6165865384615384 0.9675480769230769 0.09375 0.04567307692307692
5 0.7403846153846154 0.49759615384615385 0.0829326923076923 0.12620192307692307
5 0.5925480769230769 0.7884615384615384 0.10336538461538461 0.13341346153846154