1 0.04807692307692308 0.04807692307692308 0.08774038461538461 0.08052884615384616
1 0.057692307692307696 0.28966346153846156 0.0625 0.15144230769230768
1 0.04567307692307692 0.49158653846153844 0.09134615384615384 0.23317307692307693
1 0.18269230769230768 0.5360576923076923 0.14302884615384615 0.40024038461538464
1 0.28125 0.2932692307692308 0.34134615384615385 0.3942307692307692
1 0.47836538461538464 0.6045673076923077 0.22956730769230768 0.33413461538461536
1 0.6983173076923077 0.4735576923076923 0.29086538461538464 0.35697115384615385
1 0.6213942307692307 0.19471153846153846 0.18509615384615385 0.203125
1 0.9122596153846154 0.23798076923076922 0.0985576923076923 0.125
1 0.9615384615384616 0.15384615384615385 0.07692307692307693 0.234375
1 0.4807692307692308 0.054086538461538464 0.11658653846153846 0.10817307692307693
1 0.3485576923076923 0.07451923076923077 0.1141826923076923 0.140625
1 0.40384615384615385 0.1971153846153846 0.10216346153846154 0.12980769230769232