5 0.875 0.375 0.2247596153846154 0.15264423076923078
5 0.7836538461538461 0.7668269230769231 0.23197115384615385 0.15264423076923078
5 0.31971153846153844 0.07211538461538461 0.13942307692307693 0.12379807692307693
5 0.5600961538461539 0.19230769230769232 0.3425480769230769 0.20192307692307693
5 0.5360576923076923 0.0889423076923077 0.2127403846153846 0.0829326923076923
5 0.4651442307692308 0.054086538461538464 0.1466346153846154 0.10336538461538461
5 0.31009615384615385 0.5 0.15264423076923078 0.08533653846153846
5 0.20192307692307693 0.4423076923076923 0.23918269230769232 0.1141826923076923
5 0.30288461538461536 0.6442307692307693 0.265625 0.13822115384615385
5 0.3004807692307692 0.7487980769230769 0.30288461538461536 0.14182692307692307
5 0.4326923076923077 0.8269230769230769 0.44591346153846156 0.17668269230769232
5 0.65625 0.8533653846153846 0.23677884615384615 0.125
5 0.90625 0.6442307692307693 0.1875 0.13942307692307693
5 0.9483173076923077 0.7451923076923077 0.0985576923076923 0.1201923076923077
5 0.6658653846153846 0.5036057692307693 0.3112980769230769 0.20432692307692307
5 0.6081730769230769 0.6959134615384616 0.3605769230769231 0.1466346153846154
5 0.5084134615384616 0.609375 0.2091346153846154 0.15144230769230768
5 0.36177884615384615 0.15144230769230768 0.09375 0.042067307692307696