5 0.5625 0.3389423076923077 0.04447115384615385 0.06610576923076923
5 0.4879807692307692 0.4675480769230769 0.08052884615384616 0.14182692307692307
5 0.375 0.4807692307692308 0.08653846153846154 0.125
5 0.53125 0.5300480769230769 0.054086538461538464 0.07932692307692307
5 0.9639423076923077 0.6225961538461539 0.0625 0.09495192307692307
5 0.7103365384615384 0.6706730769230769 0.04567307692307692 0.06610576923076923
5 0.6274038461538461 0.7800480769230769 0.057692307692307696 0.08413461538461539
5 0.5504807692307693 0.9423076923076923 0.056490384615384616 0.08173076923076923
5 0.3173076923076923 0.1310096153846154 0.052884615384615384 0.07451923076923077
5 0.24519230769230768 0.15865384615384615 0.056490384615384616 0.06370192307692307
5 0.9146634615384616 0.2283653846153846 0.04567307692307692 0.04927884615384615