6 0.7259615384615384 0.3605769230769231 0.09735576923076923 0.039663461538461536
6 0.8389423076923077 0.44471153846153844 0.08533653846153846 0.046875
6 0.7139423076923077 0.0889423076923077 0.08774038461538461 0.06129807692307692
6 0.3317307692307692 0.20192307692307693 0.11177884615384616 0.07692307692307693
6 0.4855769230769231 0.10817307692307693 0.09014423076923077 0.038461538461538464
6 0.44711538461538464 0.03125 0.11177884615384616 0.05889423076923077
6 0.9399038461538461 0.09134615384615384 0.09014423076923077 0.042067307692307696
6 0.8701923076923077 0.15865384615384615 0.07692307692307693 0.051682692307692304
6 0.8076923076923077 0.14903846153846154 0.09495192307692307 0.039663461538461536
6 0.6382211538461539 0.27163461538461536 0.07932692307692307 0.03245192307692308
6 0.6322115384615384 0.23918269230769232 0.07572115384615384 0.03125
6 0.16346153846153846 0.04326923076923077 0.296875 0.07572115384615384
6 0.09735576923076923 0.8461538461538461 0.19471153846153846 0.22596153846153846
6 0.2692307692307692 0.7283653846153846 0.31850961538461536 0.2692307692307692
6 0.4567307692307692 0.4266826923076923 0.3016826923076923 0.2860576923076923
6 0.3605769230769231 0.5264423076923077 0.10697115384615384 0.08774038461538461
6 0.5769230769230769 0.6850961538461539 0.11177884615384616 0.046875
6 0.765625 0.5745192307692307 0.13701923076923078 0.03245192307692308
6 0.6923076923076923 0.5240384615384616 0.12620192307692307 0.025240384615384616
6 0.7115384615384616 0.49759615384615385 0.08052884615384616 0.028846153846153848
6 0.7800480769230769 0.4831730769230769 0.10817307692307693 0.046875
6 0.9459134615384616 0.6538461538461539 0.10336538461538461 0.027644230769230768
6 0.9807692307692307 0.7139423076923077 0.038461538461538464 0.042067307692307696
6 0.8725961538461539 0.21634615384615385 0.09134615384615384 0.051682692307692304
6 0.9399038461538461 0.31490384615384615 0.09254807692307693 0.037259615384615384