6 0.7752403846153846 0.10336538461538461 0.2668269230769231 0.20673076923076922
6 0.1346153846153846 0.22115384615384615 0.1141826923076923 0.16706730769230768
6 0.5336538461538461 0.24519230769230768 0.12980769230769232 0.17427884615384615
6 0.46875 0.18028846153846154 0.16346153846153846 0.21153846153846154
6 0.44711538461538464 0.5877403846153846 0.12620192307692307 0.21394230769230768
6 0.6622596153846154 0.7716346153846154 0.25721153846153844 0.24639423076923078
6 0.8629807692307693 0.7055288461538461 0.13341346153846154 0.15144230769230768
6 0.9423076923076923 0.7728365384615384 0.1045673076923077 0.10817307692307693
6 0.8533653846153846 0.8485576923076923 0.10216346153846154 0.15865384615384615
6 0.6225961538461539 0.2548076923076923 0.04807692307692308 0.057692307692307696
6 0.6057692307692307 0.4014423076923077 0.09495192307692307 0.09495192307692307
6 0.4891826923076923 0.44591346153846156 0.0889423076923077 0.07451923076923077
6 0.6057692307692307 0.5252403846153846 0.09134615384615384 0.07932692307692307