3 0.7836538461538461 0.40024038461538464 0.09735576923076923 0.12259615384615384
3 0.6586538461538461 0.14903846153846154 0.09014423076923077 0.10697115384615384
3 0.6129807692307693 0.07692307692307693 0.08774038461538461 0.09735576923076923
3 0.49759615384615385 0.20673076923076922 0.08052884615384616 0.11658653846153846
3 0.16105769230769232 0.7800480769230769 0.0625 0.09375
3 0.5600961538461539 0.9375 0.11658653846153846 0.10576923076923077
3 0.6033653846153846 0.84375 0.08653846153846154 0.11658653846153846
3 0.5853365384615384 0.7127403846153846 0.10817307692307693 0.20432692307692307
3 0.4338942307692308 0.04927884615384615 0.06490384615384616 0.0985576923076923
3 0.19951923076923078 0.11298076923076923 0.078125 0.08653846153846154
3 0.19951923076923078 0.037259615384615384 0.051682692307692304 0.07451923076923077
3 0.11538461538461539 0.026442307692307692 0.08533653846153846 0.039663461538461536
3 0.12259615384615384 0.20192307692307693 0.06850961538461539 0.056490384615384616
3 0.18269230769230768 0.25 0.06370192307692307 0.10697115384615384
3 0.0985576923076923 0.5 0.0673076923076923 0.057692307692307696
3 0.20432692307692307 0.47115384615384615 0.057692307692307696 0.07692307692307693
3 0.18990384615384615 0.38221153846153844 0.0673076923076923 0.08653846153846154
3 0.25 0.3870192307692308 0.08653846153846154 0.078125
3 0.2860576923076923 0.46875 0.078125 0.09134615384615384
3 0.3088942307692308 0.36658653846153844 0.06490384615384616 0.0985576923076923
3 0.31971153846153844 0.3112980769230769 0.08173076923076923 0.055288461538461536
3 0.3004807692307692 0.20432692307692307 0.054086538461538464 0.0829326923076923
3 0.31009615384615385 0.16105769230769232 0.06850961538461539 0.056490384615384616
3 0.2764423076923077 0.10096153846153846 0.08052884615384616 0.0733173076923077
3 0.2704326923076923 0.03365384615384615 0.08413461538461539 0.051682692307692304
3 0.4110576923076923 0.20432692307692307 0.08653846153846154 0.10096153846153846
3 0.49278846153846156 0.3954326923076923 0.06370192307692307 0.11778846153846154
3 0.5432692307692307 0.3125 0.07572115384615384 0.11057692307692307
3 0.6021634615384616 0.26322115384615385 0.10336538461538461 0.07932692307692307
3 0.6694711538461539 0.36899038461538464 0.08413461538461539 0.07932692307692307
3 0.5985576923076923 0.36177884615384615 0.06850961538461539 0.08413461538461539
3 0.3786057692307692 0.6129807692307693 0.09375 0.08173076923076923
3 0.3762019230769231 0.7596153846153846 0.055288461538461536 0.08533653846153846
3 0.3269230769230769 0.6694711538461539 0.07091346153846154 0.07451923076923077
3 0.2620192307692308 0.6971153846153846 0.09495192307692307 0.052884615384615384
3 0.24519230769230768 0.6322115384615384 0.046875 0.08774038461538461
3 0.20673076923076922 0.5961538461538461 0.05889423076923077 0.06610576923076923
3 0.5216346153846154 0.8822115384615384 0.09495192307692307 0.09975961538461539