5 0.5108173076923077 0.2692307692307692 0.1466346153846154 0.16826923076923078
5 0.6394230769230769 0.2980769230769231 0.12620192307692307 0.18629807692307693
5 0.15865384615384615 0.30288461538461536 0.11057692307692307 0.08774038461538461
5 0.38461538461538464 0.3389423076923077 0.09975961538461539 0.1045673076923077
5 0.8413461538461539 0.4362980769230769 0.08653846153846154 0.09375
5 0.9182692307692307 0.46875 0.12139423076923077 0.1310096153846154
5 0.5985576923076923 0.4963942307692308 0.1310096153846154 0.11778846153846154
5 0.5697115384615384 0.056490384615384616 0.17668269230769232 0.10336538461538461
5 0.6105769230769231 0.6213942307692307 0.12860576923076922 0.11298076923076923
5 0.08173076923076923 0.6394230769230769 0.09014423076923077 0.1346153846153846
5 0.2548076923076923 0.6514423076923077 0.15384615384615385 0.1814903846153846
5 0.5120192307692307 0.7620192307692307 0.1310096153846154 0.1502403846153846
5 0.36778846153846156 0.8810096153846154 0.09735576923076923 0.09375
5 0.4735576923076923 0.9086538461538461 0.1141826923076923 0.1141826923076923
5 0.4519230769230769 0.9471153846153846 0.1310096153846154 0.10096153846153846
5 0.5985576923076923 0.14182692307692307 0.08533653846153846 0.078125