5 0.24759615384615385 0.3605769230769231 0.09134615384615384 0.12860576923076922
5 0.33413461538461536 0.04567307692307692 0.11538461538461539 0.07692307692307693
5 0.2824519230769231 0.6634615384615384 0.19471153846153846 0.1935096153846154
5 0.890625 0.7043269230769231 0.19951923076923078 0.21033653846153846
5 0.7091346153846154 0.75 0.17427884615384615 0.16466346153846154
5 0.3954326923076923 0.8293269230769231 0.14182692307692307 0.14302884615384615
5 0.6826923076923077 0.8701923076923077 0.16947115384615385 0.19110576923076922
5 0.8533653846153846 0.9098557692307693 0.13341346153846154 0.10817307692307693
5 0.22235576923076922 0.9086538461538461 0.15144230769230768 0.17427884615384615
5 0.21153846153846154 0.10817307692307693 0.18629807692307693 0.1814903846153846
5 0.34615384615384615 0.21875 0.16706730769230768 0.23918269230769232