11 0.33653846153846156 0.3425480769230769 0.09134615384615384 0.11298076923076923
11 0.42788461538461536 0.3485576923076923 0.1502403846153846 0.12379807692307693
11 0.2860576923076923 0.44471153846153844 0.17427884615384615 0.13341346153846154
11 0.9074519230769231 0.49278846153846156 0.17548076923076922 0.27283653846153844
11 0.7211538461538461 0.5072115384615384 0.27403846153846156 0.34615384615384615
11 0.06009615384615385 0.625 0.11057692307692307 0.14903846153846154
11 0.15384615384615385 0.6995192307692307 0.1622596153846154 0.2247596153846154
11 0.7884615384615384 0.7331730769230769 0.40865384615384615 0.5180288461538461
11 0.45072115384615385 0.7980769230769231 0.37259615384615385 0.3701923076923077
11 0.8521634615384616 0.09375 0.19951923076923078 0.171875
11 0.16947115384615385 0.9615384615384616 0.17067307692307693 0.054086538461538464
11 0.6826923076923077 0.2704326923076923 0.203125 0.21394230769230768