6 0.7307692307692307 0.2800480769230769 0.15985576923076922 0.2764423076923077
6 0.8605769230769231 0.328125 0.1141826923076923 0.23317307692307693
6 0.96875 0.3485576923076923 0.0625 0.234375
6 0.5336538461538461 0.3485576923076923 0.21514423076923078 0.24519230769230768
6 0.8810096153846154 0.4567307692307692 0.11778846153846154 0.16826923076923078
6 0.4206730769230769 0.46153846153846156 0.1346153846153846 0.18389423076923078
6 0.5552884615384616 0.5288461538461539 0.11899038461538461 0.203125
6 0.17067307692307693 0.7115384615384616 0.09495192307692307 0.15985576923076922
6 0.3798076923076923 0.7259615384615384 0.1201923076923077 0.3762019230769231
6 0.78125 0.8245192307692307 0.17908653846153846 0.30408653846153844
6 0.25721153846153844 0.8341346153846154 0.09014423076923077 0.328125
6 0.171875 0.8894230769230769 0.10817307692307693 0.21153846153846154
6 0.9182692307692307 0.14423076923076922 0.09615384615384616 0.11538461538461539