2 0.2644230769230769 0.25 0.28846153846153844 0.2512019230769231
2 0.2091346153846154 0.1141826923076923 0.21634615384615385 0.21875
2 0.07451923076923077 0.2932692307692308 0.14903846153846154 0.3088942307692308
2 0.7043269230769231 0.5865384615384616 0.21514423076923078 0.27524038461538464
2 0.8990384615384616 0.5576923076923077 0.19230769230769232 0.3449519230769231
2 0.9350961538461539 0.2608173076923077 0.125 0.24278846153846154
2 0.7139423076923077 0.8810096153846154 0.36177884615384615 0.2283653846153846
2 0.7740384615384616 0.28125 0.20552884615384615 0.21754807692307693
2 0.515625 0.5697115384615384 0.2091346153846154 0.2608173076923077
2 0.6995192307692307 0.5552884615384616 0.21634615384615385 0.3425480769230769
2 0.15625 0.47596153846153844 0.2548076923076923 0.2920673076923077
2 0.4879807692307692 0.3076923076923077 0.22235576923076922 0.27884615384615385
2 0.45072115384615385 0.0829326923076923 0.19951923076923078 0.16105769230769232
2 0.8052884615384616 0.18028846153846154 0.2536057692307692 0.2800480769230769
2 0.9194711538461539 0.08653846153846154 0.15625 0.17307692307692307
2 0.6153846153846154 0.2860576923076923 0.16706730769230768 0.1622596153846154
2 0.5384615384615384 0.8918269230769231 0.2800480769230769 0.20192307692307693
2 0.14182692307692307 0.8100961538461539 0.27884615384615385 0.3786057692307692
2 0.4014423076923077 0.8894230769230769 0.1935096153846154 0.1778846153846154
2 0.35216346153846156 0.4543269230769231 0.21875 0.1935096153846154