6 0.8401442307692307 0.3076923076923077 0.17067307692307693 0.23677884615384615
6 0.6850961538461539 0.2620192307692308 0.23197115384615385 0.22716346153846154
6 0.65625 0.2956730769230769 0.09615384615384616 0.05889423076923077
6 0.19110576923076922 0.16105769230769232 0.17548076923076922 0.21634615384615385
6 0.41586538461538464 0.8353365384615384 0.1346153846153846 0.18028846153846154
6 0.5096153846153846 0.6899038461538461 0.15504807692307693 0.15865384615384615
6 0.125 0.9026442307692307 0.09495192307692307 0.10817307692307693
6 0.20673076923076922 0.8509615384615384 0.11177884615384616 0.16346153846153846
6 0.2980769230769231 0.84375 0.14423076923076922 0.14543269230769232
6 0.12139423076923077 0.7728365384615384 0.12740384615384615 0.12259615384615384
6 0.5192307692307693 0.44471153846153844 0.17668269230769232 0.1622596153846154
6 0.4411057692307692 0.28365384615384615 0.13221153846153846 0.12139423076923077
6 0.21634615384615385 0.3485576923076923 0.20552884615384615 0.21754807692307693
6 0.16346153846153846 0.4483173076923077 0.1502403846153846 0.13221153846153846
6 0.15384615384615385 0.6129807692307693 0.13341346153846154 0.12620192307692307
6 0.12980769230769232 0.6418269230769231 0.16346153846153846 0.15985576923076922
6 0.25 0.6610576923076923 0.14423076923076922 0.1346153846153846
6 0.3293269230769231 0.6862980769230769 0.15745192307692307 0.16105769230769232
6 0.4375 0.6730769230769231 0.11538461538461539 0.11538461538461539
6 0.5 0.5961538461538461 0.1045673076923077 0.15504807692307693
6 0.36538461538461536 0.4423076923076923 0.10697115384615384 0.09495192307692307
6 0.2932692307692308 0.5168269230769231 0.10096153846153846 0.1310096153846154
6 0.21514423076923078 0.5360576923076923 0.0985576923076923 0.12980769230769232
6 0.3858173076923077 0.5444711538461539 0.11298076923076923 0.0889423076923077
6 0.4375 0.5612980769230769 0.1310096153846154 0.11298076923076923
6 0.37740384615384615 0.6189903846153846 0.125 0.09375