5 0.171875 0.41586538461538464 0.2091346153846154 0.14302884615384615
5 0.18269230769230768 0.5528846153846154 0.16947115384615385 0.1875
5 0.07932692307692307 0.5793269230769231 0.1502403846153846 0.15985576923076922
5 0.17548076923076922 0.7668269230769231 0.1502403846153846 0.20072115384615385
5 0.5552884615384616 0.22355769230769232 0.1346153846153846 0.11899038461538461
5 0.8990384615384616 0.7475961538461539 0.18269230769230768 0.16466346153846154
5 0.8293269230769231 0.8317307692307693 0.1778846153846154 0.2439903846153846
5 0.6947115384615384 0.875 0.16346153846153846 0.171875
5 0.5264423076923077 0.5456730769230769 0.2548076923076923 0.2644230769230769
5 0.6298076923076923 0.4495192307692308 0.12620192307692307 0.15865384615384615
5 0.5048076923076923 0.41225961538461536 0.16947115384615385 0.11298076923076923
5 0.5384615384615384 0.8100961538461539 0.203125 0.2512019230769231
5 0.35096153846153844 0.8076923076923077 0.234375 0.26322115384615385
5 0.38100961538461536 0.7259615384615384 0.11298076923076923 0.12980769230769232
5 0.36538461538461536 0.6153846153846154 0.12860576923076922 0.125
5 0.27163461538461536 0.6923076923076923 0.11899038461538461 0.14543269230769232
5 0.33052884615384615 0.5264423076923077 0.1658653846153846 0.140625
5 0.7884615384615384 0.4831730769230769 0.11658653846153846 0.10216346153846154
5 0.6658653846153846 0.6694711538461539 0.19110576923076922 0.2283653846153846