0 0.05078125 0.54375 0.09765625 0.165625
0 0.321875 0.8265625 0.18828125 0.27734375
0 0.07265625 0.3890625 0.1421875 0.20234375
0 0.2 0.33203125 0.171875 0.184375
0 0.39609375 0.2625 0.1359375 0.1734375
0 0.540625 0.23828125 0.1421875 0.15703125
0 0.84921875 0.153125 0.1421875 0.1890625
0 0.95 0.06640625 0.1 0.128125
0 0.36796875 0.54375 0.17578125 0.21875
0 0.53203125 0.41328125 0.17578125 0.21875
0 0.72578125 0.36953125 0.21171875 0.23203125
0 0.91796875 0.515625 0.1640625 0.22109375
0 0.74296875 0.59296875 0.19375 0.2265625
0 0.71796875 0.815625 0.2 0.25078125
0 0.91953125 0.69453125 0.1609375 0.1734375
0 0.91953125 0.875 0.1609375 0.21875