0 0.2640625 0.1796875 0.1078125 0.13046875
0 0.3390625 0.146875 0.0703125 0.10703125
0 0.425 0.10546875 0.16171875 0.20546875
0 0.528125 0.1015625 0.09609375 0.13359375
0 0.62265625 0.15859375 0.21015625 0.30703125
0 0.6953125 0.30390625 0.16171875 0.21328125
0 0.58203125 0.390625 0.20390625 0.23203125
0 0.47890625 0.26171875 0.13828125 0.165625
0 0.3203125 0.32109375 0.17578125 0.2375
0 0.41875 0.40234375 0.09375 0.13828125
0 0.4921875 0.5640625 0.215625 0.253125
0 0.3171875 0.50703125 0.1578125 0.19765625
0 0.190625 0.45078125 0.0859375 0.09609375
0 0.24296875 0.5890625 0.08203125 0.13828125
0 0.15703125 0.79453125 0.0703125 0.090625
0 0.22109375 0.78515625 0.121875 0.16796875
0 0.259375 0.70546875 0.10625 0.14140625
0 0.41015625 0.77890625 0.26796875 0.35703125