0 0.36796875 0.08828125 0.1640625 0.16015625
0 0.4109375 0.19296875 0.1421875 0.13046875
0 0.278125 0.2796875 0.1796875 0.20234375
0 0.42109375 0.3015625 0.1421875 0.11171875
0 0.62265625 0.390625 0.13828125 0.2
0 0.48125 0.40234375 0.121875 0.18125
0 0.3640625 0.45078125 0.1078125 0.14921875
0 0.26328125 0.5171875 0.15 0.21875
0 0.3578125 0.609375 0.1359375 0.184375
0 0.6359375 0.55078125 0.1359375 0.15703125
0 0.4640625 0.5890625 0.13984375 0.14921875
0 0.5328125 0.5359375 0.1140625 0.14921875
0 0.4421875 0.71875 0.13203125 0.184375
0 0.55234375 0.7796875 0.19609375 0.24765625
0 0.62734375 0.70234375 0.1703125 0.19453125