0 0.3984375 0.0609375 0.33828125 0.11796875
0 0.6921875 0.06484375 0.41875 0.12578125
0 0.4703125 0.18125 0.34921875 0.20234375
0 0.75625 0.203125 0.39765625 0.2421875
0 0.60234375 0.33984375 0.309375 0.228125
0 0.80703125 0.36171875 0.290625 0.24375
0 0.91015625 0.42734375 0.1796875 0.1578125
0 0.1171875 0.56875 0.2296875 0.21796875
0 0.384375 0.4046875 0.25078125 0.2421875
0 0.2359375 0.459375 0.2640625 0.28984375
0 0.3984375 0.58125 0.23203125 0.18203125
0 0.87421875 0.64296875 0.2515625 0.2671875
0 0.63359375 0.50390625 0.39765625 0.271875
0 0.22109375 0.7578125 0.3625 0.315625
0 0.509375 0.75 0.34140625 0.23984375
0 0.47109375 0.90546875 0.3421875 0.1890625
0 0.71171875 0.9 0.28828125 0.2
0 0.85703125 0.875 0.28515625 0.25