0 0.47596153846153844 0.22115384615384615 0.14302884615384615 0.38341346153846156
0 0.3293269230769231 0.0889423076923077 0.109375 0.13581730769230768
0 0.30288461538461536 0.3269230769230769 0.06610576923076923 0.16706730769230768
0 0.34375 0.5600961538461539 0.028846153846153848 0.0625
0 0.23798076923076922 0.6802884615384616 0.051682692307692304 0.13581730769230768
0 0.08173076923076923 0.3329326923076923 0.15985576923076922 0.43990384615384615
0 0.078125 0.7692307692307693 0.10817307692307693 0.3125
0 0.33774038461538464 0.8461538461538461 0.11778846153846154 0.2932692307692308
0 0.46033653846153844 0.6201923076923077 0.11778846153846154 0.27884615384615385
0 0.6490384615384616 0.359375 0.125 0.29086538461538464
0 0.6778846153846154 0.1045673076923077 0.06610576923076923 0.15625
0 0.8004807692307693 0.08653846153846154 0.037259615384615384 0.11899038461538461
0 0.6105769230769231 0.7403846153846154 0.07091346153846154 0.2608173076923077
0 0.6201923076923077 0.9663461538461539 0.11177884615384616 0.06610576923076923
0 0.84375 0.875 0.14903846153846154 0.25
0 0.8978365384615384 0.5625 0.055288461538461536 0.1346153846153846
0 0.9350961538461539 0.234375 0.11057692307692307 0.31009615384615385