12 0.41346153846153844 0.21033653846153846 0.09735576923076923 0.24278846153846154
12 0.5552884615384616 0.19230769230769232 0.06129807692307692 0.19591346153846154
12 0.21394230769230768 0.7752403846153846 0.15865384615384615 0.21394230769230768
12 0.0625 0.5324519230769231 0.12139423076923077 0.17548076923076922
12 0.24519230769230768 0.2548076923076923 0.09615384615384616 0.22115384615384615
12 0.27163461538461536 0.051682692307692304 0.07572115384615384 0.10336538461538461
12 0.09134615384615384 0.12259615384615384 0.10697115384615384 0.14302884615384615
12 0.018028846153846152 0.12740384615384615 0.03125 0.09134615384615384
12 0.18269230769230768 0.18509615384615385 0.056490384615384616 0.109375
12 0.3918269230769231 0.13701923076923078 0.0829326923076923 0.2439903846153846
12 0.5889423076923077 0.21634615384615385 0.0733173076923077 0.13341346153846154
12 0.515625 0.10096153846153846 0.040865384615384616 0.1201923076923077
12 0.49278846153846156 0.040865384615384616 0.038461538461538464 0.06129807692307692
12 0.6370192307692307 0.23798076923076922 0.056490384615384616 0.1141826923076923
12 0.71875 0.27163461538461536 0.11057692307692307 0.19230769230769232
12 0.7043269230769231 0.5 0.08173076923076923 0.13822115384615385
12 0.7716346153846154 0.5649038461538461 0.057692307692307696 0.12620192307692307
12 0.8894230769230769 0.44711538461538464 0.08653846153846154 0.15264423076923078
12 0.9603365384615384 0.33533653846153844 0.07451923076923077 0.18990384615384615
12 0.9519230769230769 0.45552884615384615 0.051682692307692304 0.0985576923076923