11 0.8173076923076923 0.2764423076923077 0.15264423076923078 0.18269230769230768
11 0.24519230769230768 0.31009615384615385 0.15865384615384615 0.16826923076923078
11 0.5276442307692307 0.3269230769230769 0.31009615384615385 0.49158653846153844
11 0.20432692307692307 0.44711538461538464 0.14543269230769232 0.23557692307692307
11 0.9435096153846154 0.4879807692307692 0.10817307692307693 0.18389423076923078
11 0.34134615384615385 0.5216346153846154 0.15865384615384615 0.1201923076923077
11 0.6466346153846154 0.5600961538461539 0.1346153846153846 0.18269230769230768
11 0.38221153846153844 0.5889423076923077 0.18269230769230768 0.23918269230769232
11 0.53125 0.6634615384615384 0.16346153846153846 0.22956730769230768
11 0.3329326923076923 0.7115384615384616 0.13221153846153846 0.1502403846153846
11 0.7319711538461539 0.7584134615384616 0.19471153846153846 0.24759615384615385
11 0.19951923076923078 0.8822115384615384 0.20673076923076922 0.2247596153846154
11 0.36778846153846156 0.9230769230769231 0.13341346153846154 0.1346153846153846
11 0.8125 0.11298076923076923 0.15384615384615385 0.1346153846153846