1 0.7704326923076923 0.3894230769230769 0.29086538461538464 0.5733173076923077
1 0.33052884615384615 0.4831730769230769 0.28125 0.3173076923076923
1 0.5168269230769231 0.5588942307692307 0.2548076923076923 0.5120192307692307
1 0.9651442307692307 0.05889423076923077 0.06009615384615385 0.10817307692307693
1 0.9639423076923077 0.7572115384615384 0.0673076923076923 0.12860576923076922
1 0.32572115384615385 0.9026442307692307 0.09375 0.10817307692307693
1 0.7319711538461539 0.9338942307692307 0.0985576923076923 0.10336538461538461
1 0.7860576923076923 0.96875 0.10096153846153846 0.056490384615384616
1 0.7091346153846154 0.125 0.23918269230769232 0.25
1 0.25240384615384615 0.12980769230769232 0.21033653846153846 0.2536057692307692
1 0.5096153846153846 0.15384615384615385 0.21995192307692307 0.29447115384615385
1 0.9014423076923077 0.18389423076923078 0.17668269230769232 0.18028846153846154