5 0.5576923076923077 0.6033653846153846 0.3269230769230769 0.5444711538461539
5 0.9206730769230769 0.7175480769230769 0.14423076923076922 0.15625
5 0.32211538461538464 0.4519230769230769 0.12379807692307693 0.16346153846153846
5 0.078125 0.6875 0.12740384615384615 0.19110576923076922
5 0.24519230769230768 0.5793269230769231 0.11899038461538461 0.16826923076923078
5 0.06490384615384616 0.5384615384615384 0.09254807692307693 0.1045673076923077
5 0.11298076923076923 0.19951923076923078 0.07692307692307693 0.09735576923076923
5 0.33653846153846156 0.9399038461538461 0.042067307692307696 0.056490384615384616
5 0.16105769230769232 0.9495192307692307 0.08173076923076923 0.10096153846153846
5 0.3137019230769231 0.12980769230769232 0.06009615384615385 0.09134615384615384
5 0.16706730769230768 0.039663461538461536 0.06009615384615385 0.055288461538461536
5 0.5168269230769231 0.265625 0.07211538461538461 0.07932692307692307
5 0.7091346153846154 0.37259615384615385 0.0625 0.11177884615384616
5 0.015625 0.9507211538461539 0.03125 0.0889423076923077
5 0.41346153846153844 0.1045673076923077 0.07091346153846154 0.07451923076923077
5 0.46634615384615385 0.02403846153846154 0.06370192307692307 0.028846153846153848
5 0.9579326923076923 0.03485576923076923 0.06009615384615385 0.04567307692307692