5 0.7139423076923077 0.6706730769230769 0.23197115384615385 0.3125
5 0.47716346153846156 0.4891826923076923 0.2620192307692308 0.31971153846153844
5 0.06490384615384616 0.7560096153846154 0.08653846153846154 0.0985576923076923
5 0.3317307692307692 0.12740384615384615 0.07692307692307693 0.10096153846153846
5 0.3389423076923077 0.04326923076923077 0.08653846153846154 0.08653846153846154
5 0.9627403846153846 0.5264423076923077 0.06490384615384616 0.10096153846153846
5 0.9639423076923077 0.8125 0.0625 0.08533653846153846
5 0.6875 0.17067307692307693 0.054086538461538464 0.07091346153846154
5 0.7055288461538461 0.24519230769230768 0.055288461538461536 0.06370192307692307
5 0.15144230769230768 0.49759615384615385 0.056490384615384616 0.0625
5 0.24278846153846154 0.7379807692307693 0.04807692307692308 0.06610576923076923
5 0.18028846153846154 0.6370192307692307 0.039663461538461536 0.04447115384615385
5 0.2668269230769231 0.2860576923076923 0.04807692307692308 0.0625
5 0.2644230769230769 0.2283653846153846 0.051682692307692304 0.04447115384615385
5 0.34134615384615385 0.2800480769230769 0.037259615384615384 0.05048076923076923
5 0.30288461538461536 0.33413461538461536 0.04807692307692308 0.052884615384615384
5 0.037259615384615384 0.04326923076923077 0.06490384615384616 0.07572115384615384
5 0.19591346153846154 0.03365384615384615 0.06490384615384616 0.05889423076923077
5 0.6346153846153846 0.11899038461538461 0.038461538461538464 0.05048076923076923
5 0.5889423076923077 0.09735576923076923 0.04326923076923077 0.05048076923076923
5 0.5865384615384616 0.14423076923076922 0.04326923076923077 0.037259615384615384
5 0.9447115384615384 0.04326923076923077 0.04927884615384615 0.051682692307692304
5 0.8846153846153846 0.90625 0.038461538461538464 0.04326923076923077
5 0.7572115384615384 0.8653846153846154 0.056490384615384616 0.07091346153846154
5 0.5504807692307693 0.859375 0.04326923076923077 0.07451923076923077
5 0.42788461538461536 0.8413461538461539 0.04326923076923077 0.057692307692307696
5 0.5336538461538461 0.7211538461538461 0.051682692307692304 0.0673076923076923
5 0.5865384615384616 0.6165865384615384 0.04447115384615385 0.05048076923076923
5 0.40384615384615385 0.9759615384615384 0.07091346153846154 0.046875
5 0.5901442307692307 0.3942307692307692 0.08413461538461539 0.125
5 0.18629807692307693 0.7548076923076923 0.040865384615384616 0.04326923076923077
5 0.11538461538461539 0.7019230769230769 0.05889423076923077 0.046875
5 0.0673076923076923 0.46153846153846156 0.03485576923076923 0.057692307692307696
5 0.23557692307692307 0.12139423076923077 0.042067307692307696 0.05048076923076923
5 0.11057692307692307 0.4182692307692308 0.046875 0.052884615384615384
5 0.07451923076923077 0.15504807692307693 0.054086538461538464 0.06971153846153846
5 0.10817307692307693 0.2512019230769231 0.038461538461538464 0.055288461538461536
5 0.020432692307692308 0.2980769230769231 0.03125 0.052884615384615384