6 0.8701923076923077 0.4543269230769231 0.15264423076923078 0.1875
6 0.7211538461538461 0.46875 0.22596153846153846 0.3161057692307692
6 0.9423076923076923 0.7596153846153846 0.11057692307692307 0.2704326923076923
6 0.8894230769230769 0.9399038461538461 0.16947115384615385 0.109375
6 0.49038461538461536 0.5480769230769231 0.18389423076923078 0.28846153846153844
6 0.31971153846153844 0.7079326923076923 0.4375 0.49278846153846156
6 0.22115384615384615 0.26802884615384615 0.20793269230769232 0.28125
6 0.375 0.15144230769230768 0.13581730769230768 0.1971153846153846
6 0.47716346153846156 0.14903846153846154 0.1466346153846154 0.18269230769230768
6 0.22355769230769232 0.057692307692307696 0.1935096153846154 0.10576923076923077
6 0.036057692307692304 0.09615384615384616 0.06370192307692307 0.18629807692307693