11 0.12980769230769232 0.35096153846153844 0.18269230769230768 0.24519230769230768
11 0.3894230769230769 0.35336538461538464 0.11658653846153846 0.20072115384615385
11 0.9002403846153846 0.4831730769230769 0.19471153846153846 0.2776442307692308
11 0.6935096153846154 0.5192307692307693 0.20432692307692307 0.3016826923076923
11 0.11057692307692307 0.59375 0.171875 0.15504807692307693
11 0.6454326923076923 0.6153846153846154 0.13701923076923078 0.15745192307692307
11 0.5 0.6610576923076923 0.17668269230769232 0.21514423076923078
11 0.8088942307692307 0.6875 0.09375 0.18629807692307693
11 0.5769230769230769 0.6995192307692307 0.1045673076923077 0.09495192307692307
11 0.8100961538461539 0.07451923076923077 0.17668269230769232 0.12139423076923077
11 0.25721153846153844 0.7307692307692307 0.21995192307692307 0.2247596153846154
11 0.75 0.7860576923076923 0.09495192307692307 0.20072115384615385
11 0.9495192307692307 0.8605769230769231 0.09495192307692307 0.15985576923076922
11 0.7560096153846154 0.09134615384615384 0.18028846153846154 0.14783653846153846
11 0.23677884615384615 0.9350961538461539 0.07932692307692307 0.12980769230769232
11 0.9519230769230769 0.9350961538461539 0.08653846153846154 0.11177884615384616
11 0.4230769230769231 0.11899038461538461 0.28365384615384615 0.23798076923076922
11 0.6682692307692307 0.12740384615384615 0.15384615384615385 0.18269230769230768
11 0.5264423076923077 0.265625 0.22596153846153846 0.2283653846153846