5 0.29086538461538464 0.40865384615384615 0.078125 0.08533653846153846
5 0.39663461538461536 0.47596153846153844 0.07692307692307693 0.0733173076923077
5 0.47836538461538464 0.5673076923076923 0.07091346153846154 0.0829326923076923
5 0.8762019230769231 0.7644230769230769 0.0889423076923077 0.10096153846153846
5 0.6995192307692307 0.6622596153846154 0.0625 0.07451923076923077
5 0.07932692307692307 0.625 0.051682692307692304 0.054086538461538464
5 0.5961538461538461 0.47836538461538464 0.046875 0.05889423076923077
5 0.8557692307692307 0.453125 0.08533653846153846 0.06971153846153846
5 0.8365384615384616 0.390625 0.08533653846153846 0.0889423076923077
5 0.8581730769230769 0.9435096153846154 0.08653846153846154 0.0985576923076923
5 0.6009615384615384 0.8677884615384616 0.09615384615384616 0.1045673076923077
5 0.4699519230769231 0.9326923076923077 0.0985576923076923 0.08653846153846154
5 0.06490384615384616 0.7860576923076923 0.109375 0.11658653846153846
5 0.28846153846153844 0.4735576923076923 0.06370192307692307 0.054086538461538464
5 0.4074519230769231 0.30408653846153844 0.03125 0.040865384615384616
5 0.2920673076923077 0.5528846153846154 0.05048076923076923 0.056490384615384616
5 0.9567307692307693 0.24879807692307693 0.03245192307692308 0.036057692307692304
5 0.9675480769230769 0.9038461538461539 0.055288461538461536 0.10216346153846154