6 0.8798076923076923 0.3125 0.2403846153846154 0.4723557692307692
6 0.7451923076923077 0.18870192307692307 0.15745192307692307 0.09375
6 0.5084134615384616 0.36778846153846156 0.24278846153846154 0.33533653846153844
6 0.2980769230769231 0.5360576923076923 0.2536057692307692 0.41346153846153844
6 0.5168269230769231 0.7439903846153846 0.23918269230769232 0.36778846153846156
6 0.5745192307692307 0.8870192307692307 0.16466346153846154 0.21033653846153846
6 0.3918269230769231 0.8617788461538461 0.15865384615384615 0.25721153846153844
6 0.17548076923076922 0.7283653846153846 0.16466346153846154 0.24879807692307693
6 0.20552884615384615 0.13701923076923078 0.18509615384615385 0.15504807692307693
6 0.15384615384615385 0.31971153846153844 0.22596153846153846 0.22956730769230768
6 0.08173076923076923 0.4951923076923077 0.057692307692307696 0.1141826923076923
6 0.1201923076923077 0.052884615384615384 0.21033653846153846 0.08653846153846154