11 0.6141826923076923 0.3449519230769231 0.1466346153846154 0.09375
11 0.34975961538461536 0.15625 0.18028846153846154 0.21033653846153846
11 0.1935096153846154 0.2932692307692308 0.17548076923076922 0.26322115384615385
5 0.09375 0.10576923076923077 0.10697115384615384 0.20793269230769232
11 0.026442307692307692 0.06490384615384616 0.04927884615384615 0.109375
11 0.09615384615384616 0.31490384615384615 0.07692307692307693 0.13942307692307693
11 0.07932692307692307 0.9086538461538461 0.14543269230769232 0.1622596153846154
11 0.8894230769230769 0.6322115384615384 0.1502403846153846 0.2127403846153846
11 0.8629807692307693 0.4519230769230769 0.125 0.2548076923076923
11 0.8052884615384616 0.5384615384615384 0.13341346153846154 0.10576923076923077
11 0.765625 0.6634615384615384 0.20432692307692307 0.22716346153846154
11 0.53125 0.5516826923076923 0.10697115384615384 0.06971153846153846
11 0.5108173076923077 0.47596153846153844 0.10336538461538461 0.125
11 0.40625 0.5192307692307693 0.16706730769230768 0.21634615384615385
11 0.6899038461538461 0.8497596153846154 0.12860576923076922 0.18028846153846154
11 0.6622596153846154 0.9591346153846154 0.17067307692307693 0.07692307692307693
11 0.5697115384615384 0.8569711538461539 0.14903846153846154 0.18028846153846154
11 0.4831730769230769 0.8557692307692307 0.0829326923076923 0.19230769230769232
11 0.4230769230769231 0.921875 0.09615384615384616 0.12740384615384615
11 0.3004807692307692 0.7379807692307693 0.20192307692307693 0.20192307692307693
11 0.25240384615384615 0.5961538461538461 0.09975961538461539 0.15865384615384615
11 0.34615384615384615 0.6057692307692307 0.09134615384615384 0.09014423076923077
11 0.20552884615384615 0.8353365384615384 0.2668269230769231 0.19471153846153846
11 0.33653846153846156 0.9350961538461539 0.16826923076923078 0.12620192307692307