6 0.375 0.34375 0.21514423076923078 0.2127403846153846
6 0.3737980769230769 0.17548076923076922 0.18028846153846154 0.2439903846153846
6 0.5997596153846154 0.25240384615384615 0.15144230769230768 0.19831730769230768
6 0.6935096153846154 0.078125 0.17548076923076922 0.1466346153846154
6 0.0829326923076923 0.0733173076923077 0.13221153846153846 0.11778846153846154
6 0.15384615384615385 0.28125 0.12620192307692307 0.16947115384615385
6 0.12980769230769232 0.18028846153846154 0.14423076923076922 0.16706730769230768
6 0.021634615384615384 0.31490384615384615 0.037259615384615384 0.13942307692307693
6 0.14423076923076922 0.8990384615384616 0.16466346153846154 0.17668269230769232
6 0.6322115384615384 0.6105769230769231 0.125 0.16346153846153846
6 0.7740384615384616 0.46033653846153844 0.18389423076923078 0.2668269230769231
6 0.9074519230769231 0.4254807692307692 0.12740384615384615 0.3161057692307692
6 0.8485576923076923 0.3629807692307692 0.09014423076923077 0.17427884615384615
6 0.8545673076923077 0.9050480769230769 0.17067307692307693 0.17067307692307693
6 0.9759615384615384 0.90625 0.04447115384615385 0.140625
6 0.96875 0.5817307692307693 0.057692307692307696 0.11899038461538461
6 0.9543269230769231 0.36658653846153844 0.08173076923076923 0.16105769230769232
6 0.7752403846153846 0.5841346153846154 0.10817307692307693 0.1141826923076923
6 0.7704326923076923 0.7355769230769231 0.13701923076923078 0.23197115384615385
6 0.5853365384615384 0.7079326923076923 0.11778846153846154 0.17548076923076922
6 0.5793269230769231 0.5685096153846154 0.12980769230769232 0.1658653846153846
6 0.6394230769230769 0.9086538461538461 0.07692307692307693 0.1141826923076923
6 0.7439903846153846 0.9230769230769231 0.09375 0.13581730769230768
6 0.6802884615384616 0.9399038461538461 0.04326923076923077 0.10216346153846154
6 0.6298076923076923 0.96875 0.06850961538461539 0.056490384615384616
6 0.5024038461538461 0.9615384615384616 0.0829326923076923 0.07211538461538461
6 0.37259615384615385 0.9639423076923077 0.09975961538461539 0.0673076923076923
6 0.06490384615384616 0.9807692307692307 0.11658653846153846 0.030048076923076924
6 0.051682692307692304 0.6045673076923077 0.10336538461538461 0.23317307692307693
6 0.0985576923076923 0.5 0.109375 0.18389423076923078
6 0.013221153846153846 0.7391826923076923 0.026442307692307692 0.10336538461538461
6 0.27884615384615385 0.7475961538461539 0.1502403846153846 0.21153846153846154
6 0.21875 0.5120192307692307 0.16826923076923078 0.2439903846153846
6 0.2548076923076923 0.040865384615384616 0.051682692307692304 0.046875
6 0.052884615384615384 0.051682692307692304 0.10576923076923077 0.10336538461538461
6 0.49759615384615385 0.0625 0.09134615384615384 0.11538461538461539
6 0.35096153846153844 0.026442307692307692 0.08173076923076923 0.042067307692307696
6 0.43028846153846156 0.04807692307692308 0.0673076923076923 0.08533653846153846
6 0.46274038461538464 0.5192307692307693 0.08413461538461539 0.11538461538461539
6 0.421875 0.6286057692307693 0.11298076923076923 0.16105769230769232
6 0.34134615384615385 0.4807692307692308 0.21514423076923078 0.2247596153846154
6 0.23677884615384615 0.3485576923076923 0.06971153846153846 0.09134615384615384
6 0.3485576923076923 0.6081730769230769 0.1201923076923077 0.1875