11 0.8149038461538461 0.7560096153846154 0.359375 0.43990384615384615
11 0.5072115384615384 0.12259615384615384 0.14423076923076922 0.24519230769230768
11 0.7115384615384616 0.2091346153846154 0.23197115384615385 0.28966346153846156
11 0.5793269230769231 0.5324519230769231 0.29927884615384615 0.37740384615384615
11 0.5673076923076923 0.35697115384615385 0.11899038461538461 0.12740384615384615
11 0.8004807692307693 0.5144230769230769 0.140625 0.16466346153846154
5 0.9278846153846154 0.3701923076923077 0.1310096153846154 0.3269230769230769
5 0.8677884615384616 0.06971153846153846 0.22956730769230768 0.125
11 0.31009615384615385 0.43990384615384615 0.14302884615384615 0.1310096153846154
11 0.27524038461538464 0.25721153846153844 0.19471153846153846 0.1814903846153846
11 0.3112980769230769 0.7560096153846154 0.17548076923076922 0.31490384615384615
11 0.16105769230769232 0.6610576923076923 0.2536057692307692 0.32211538461538464
11 0.2668269230769231 0.0889423076923077 0.1346153846153846 0.15865384615384615
11 0.13581730769230768 0.3894230769230769 0.07451923076923077 0.14423076923076922
11 0.171875 0.0625 0.12259615384615384 0.11658653846153846
11 0.03125 0.9074519230769231 0.056490384615384616 0.17067307692307693
11 0.3269230769230769 0.9663461538461539 0.08653846153846154 0.056490384615384616
11 0.07451923076923077 0.03365384615384615 0.09134615384615384 0.046875
11 0.016826923076923076 0.040865384615384616 0.02403846153846154 0.06129807692307692
11 0.025240384615384616 0.40024038461538464 0.036057692307692304 0.12259615384615384
11 0.24278846153846154 0.43990384615384615 0.1935096153846154 0.2247596153846154