5 0.7427884615384616 0.48677884615384615 0.18870192307692307 0.24759615384615385
5 0.8701923076923077 0.28125 0.12139423076923077 0.17668269230769232
5 0.6394230769230769 0.27403846153846156 0.07091346153846154 0.08653846153846154
5 0.44471153846153844 0.8221153846153846 0.07572115384615384 0.09615384615384616
5 0.5276442307692307 0.8725961538461539 0.07932692307692307 0.08533653846153846
5 0.12860576923076922 0.921875 0.05048076923076923 0.07932692307692307
5 0.33052884615384615 0.7704326923076923 0.036057692307692304 0.04567307692307692
5 0.2932692307692308 0.8076923076923077 0.028846153846153848 0.04807692307692308
5 0.4495192307692308 0.96875 0.07211538461538461 0.056490384615384616
5 0.3737980769230769 0.9302884615384616 0.05048076923076923 0.046875
5 0.18269230769230768 0.9014423076923077 0.025240384615384616 0.038461538461538464
5 0.9663461538461539 0.9050480769230769 0.056490384615384616 0.07451923076923077
5 0.7644230769230769 0.8040865384615384 0.06129807692307692 0.06971153846153846
5 0.7199519230769231 0.84375 0.05048076923076923 0.078125
5 0.9290865384615384 0.5072115384615384 0.05048076923076923 0.06610576923076923
5 0.8509615384615384 0.5336538461538461 0.046875 0.056490384615384616