5 0.40865384615384615 0.5889423076923077 0.5336538461538461 0.7307692307692307
5 0.9447115384615384 0.5877403846153846 0.10096153846153846 0.1658653846153846
5 0.8581730769230769 0.40625 0.051682692307692304 0.07572115384615384
5 0.3954326923076923 0.08173076923076923 0.04567307692307692 0.056490384615384616
5 0.14903846153846154 0.7271634615384616 0.04927884615384615 0.06971153846153846
5 0.8269230769230769 0.9230769230769231 0.11538461538461539 0.13341346153846154
5 0.7151442307692307 0.8966346153846154 0.04567307692307692 0.0733173076923077
5 0.6370192307692307 0.4254807692307692 0.037259615384615384 0.04927884615384615
5 0.12980769230769232 0.038461538461538464 0.06610576923076923 0.057692307692307696
5 0.016826923076923076 0.3870192307692308 0.03365384615384615 0.07211538461538461
5 0.014423076923076924 0.8052884615384616 0.027644230769230768 0.08533653846153846
5 0.24519230769230768 0.9831730769230769 0.056490384615384616 0.03365384615384615