6 0.18990384615384615 0.29086538461538464 0.16826923076923078 0.3641826923076923
6 0.17307692307692307 0.03365384615384615 0.12860576923076922 0.057692307692307696
6 0.6298076923076923 0.43028846153846156 0.17307692307692307 0.16826923076923078
6 0.6177884615384616 0.5673076923076923 0.25961538461538464 0.23677884615384615
6 0.44591346153846156 0.6057692307692307 0.17067307692307693 0.23677884615384615
6 0.27884615384615385 0.7019230769230769 0.1935096153846154 0.20192307692307693
6 0.7043269230769231 0.7932692307692307 0.26802884615384615 0.30288461538461536
6 0.453125 0.7932692307692307 0.17548076923076922 0.19831730769230768
6 0.7331730769230769 0.07932692307692307 0.18269230769230768 0.1502403846153846
6 0.38100961538461536 0.8100961538461539 0.24278846153846154 0.3425480769230769
6 0.8870192307692307 0.8581730769230769 0.1875 0.21153846153846154
6 0.23317307692307693 0.9146634615384616 0.12860576923076922 0.1466346153846154
6 0.3389423076923077 0.125 0.1875 0.23918269230769232
6 0.5540865384615384 0.13942307692307693 0.23798076923076922 0.2608173076923077
6 0.53125 0.22956730769230768 0.3233173076923077 0.37259615384615385
6 0.07572115384615384 0.25721153846153844 0.15144230769230768 0.32211538461538464