11 0.0985576923076923 0.028846153846153848 0.06370192307692307 0.056490384615384616
11 0.4387019230769231 0.34375 0.0889423076923077 0.08653846153846154
11 0.0625 0.34615384615384615 0.06610576923076923 0.11538461538461539
11 0.13341346153846154 0.3629807692307692 0.10336538461538461 0.23677884615384615
11 0.08413461538461539 0.41346153846153844 0.051682692307692304 0.08533653846153846
11 0.16105769230769232 0.04807692307692308 0.08173076923076923 0.09014423076923077
11 0.40625 0.5576923076923077 0.17908653846153846 0.15384615384615385
11 0.9399038461538461 0.057692307692307696 0.1045673076923077 0.08173076923076923
11 0.7668269230769231 0.6466346153846154 0.1875 0.2439903846153846
11 0.28846153846153844 0.0673076923076923 0.12379807692307693 0.0829326923076923
11 0.5817307692307693 0.7800480769230769 0.10697115384615384 0.29086538461538464
11 0.04326923076923077 0.7860576923076923 0.08653846153846154 0.17307692307692307
11 0.08533653846153846 0.09014423076923077 0.055288461538461536 0.08413461538461539
11 0.04807692307692308 0.9254807692307693 0.09495192307692307 0.13581730769230768
11 0.3701923076923077 0.10576923076923077 0.08653846153846154 0.11658653846153846
11 0.20552884615384615 0.1310096153846154 0.0985576923076923 0.10336538461538461
11 0.5492788461538461 0.15384615384615385 0.14182692307692307 0.3076923076923077
11 0.9230769230769231 0.203125 0.14543269230769232 0.12259615384615384
11 0.2091346153846154 0.20793269230769232 0.13341346153846154 0.18028846153846154