8 0.2403846153846154 0.2932692307692308 0.18269230769230768 0.14423076923076922
8 0.6009615384615384 0.03245192307692308 0.07211538461538461 0.055288461538461536
8 0.14423076923076922 0.3629807692307692 0.13581730769230768 0.13822115384615385
8 0.4495192307692308 0.4182692307692308 0.12860576923076922 0.1310096153846154
8 0.9495192307692307 0.4206730769230769 0.09134615384615384 0.10697115384615384
8 0.9639423076923077 0.4230769230769231 0.04927884615384615 0.056490384615384616
8 0.3798076923076923 0.04447115384615385 0.0625 0.06490384615384616
8 0.2548076923076923 0.4831730769230769 0.09134615384615384 0.12139423076923077
8 0.6850961538461539 0.5588942307692307 0.12620192307692307 0.11778846153846154
8 0.5120192307692307 0.5769230769230769 0.14302884615384615 0.14423076923076922
8 0.27884615384615385 0.6826923076923077 0.18269230769230768 0.15264423076923078
8 0.8930288461538461 0.6850961538461539 0.15625 0.09615384615384616
8 0.6490384615384616 0.7487980769230769 0.14543269230769232 0.13701923076923078
8 0.09495192307692307 0.7584134615384616 0.16105769230769232 0.13221153846153846
8 0.43509615384615385 0.8485576923076923 0.23076923076923078 0.16466346153846154
8 0.4014423076923077 0.13822115384615385 0.09615384615384616 0.11298076923076923
8 0.9831730769230769 0.17307692307692307 0.03365384615384615 0.0625