11 0.9050480769230769 0.17548076923076922 0.1466346153846154 0.16826923076923078
11 0.7379807692307693 0.84375 0.38341346153846156 0.30288461538461536
11 0.32211538461538464 0.2860576923076923 0.20673076923076922 0.3137019230769231
11 0.44711538461538464 0.08173076923076923 0.12860576923076922 0.15264423076923078
11 0.03125 0.24278846153846154 0.052884615384615384 0.1814903846153846
11 0.22115384615384615 0.7932692307692307 0.09254807692307693 0.125
11 0.6081730769230769 0.5012019230769231 0.38100961538461536 0.2668269230769231
11 0.5576923076923077 0.6947115384615384 0.27283653846153844 0.1778846153846154
11 0.41225961538461536 0.5576923076923077 0.08413461538461539 0.22596153846153846
11 0.13221153846153846 0.5925480769230769 0.14543269230769232 0.2091346153846154
11 0.15745192307692307 0.7091346153846154 0.06971153846153846 0.0673076923076923