11 0.30288461538461536 0.31971153846153844 0.17668269230769232 0.23677884615384615
11 0.15144230769230768 0.36538461538461536 0.22596153846153846 0.29927884615384615
11 0.8137019230769231 0.4495192307692308 0.11298076923076923 0.1502403846153846
11 0.3076923076923077 0.04927884615384615 0.17427884615384615 0.07451923076923077
11 0.9423076923076923 0.4879807692307692 0.11538461538461539 0.22235576923076922
11 0.7259615384615384 0.5324519230769231 0.19230769230769232 0.29086538461538464
11 0.10336538461538461 0.625 0.1935096153846154 0.23677884615384615
11 0.36538461538461536 0.71875 0.1935096153846154 0.2980769230769231
11 0.23317307692307693 0.07451923076923077 0.13341346153846154 0.140625
11 0.13221153846153846 0.9302884615384616 0.17908653846153846 0.11538461538461539
11 0.5697115384615384 0.18028846153846154 0.2848557692307692 0.22596153846153846