2 0.484375 0.6995192307692307 0.23317307692307693 0.23076923076923078
2 0.09615384615384616 0.5180288461538461 0.19230769230769232 0.2283653846153846
2 0.24759615384615385 0.7632211538461539 0.28846153846153844 0.22355769230769232
2 0.33413461538461536 0.8173076923076923 0.1778846153846154 0.16826923076923078
2 0.9038461538461539 0.7307692307692307 0.1778846153846154 0.234375
2 0.7788461538461539 0.7139423076923077 0.1141826923076923 0.15384615384615385
2 0.6322115384615384 0.5625 0.18269230769230768 0.15865384615384615
10 0.15865384615384615 0.3293269230769231 0.037259615384615384 0.0625
10 0.5600961538461539 0.28725961538461536 0.13341346153846154 0.06971153846153846
10 0.5024038461538461 0.39903846153846156 0.09975961538461539 0.042067307692307696
10 0.4182692307692308 0.3701923076923077 0.038461538461538464 0.04807692307692308
10 0.3942307692307692 0.4519230769230769 0.052884615384615384 0.09975961538461539
10 0.4387019230769231 0.43509615384615385 0.10336538461538461 0.037259615384615384
10 0.6790865384615384 0.49399038461538464 0.1466346153846154 0.06009615384615385