7 0.19951923076923078 0.234375 0.2920673076923077 0.17548076923076922
7 0.21153846153846154 0.08653846153846154 0.30288461538461536 0.14302884615384615
7 0.3713942307692308 0.6826923076923077 0.20432692307692307 0.15985576923076922
7 0.5961538461538461 0.4182692307692308 0.1346153846153846 0.13822115384615385
7 0.5889423076923077 0.057692307692307696 0.1310096153846154 0.10096153846153846
7 0.6923076923076923 0.12139423076923077 0.18870192307692307 0.12259615384615384
7 0.7692307692307693 0.5889423076923077 0.1935096153846154 0.10697115384615384
7 0.6610576923076923 0.65625 0.13341346153846154 0.09495192307692307
7 0.8197115384615384 0.24278846153846154 0.14543269230769232 0.1814903846153846
7 0.8990384615384616 0.4375 0.12980769230769232 0.09014423076923077
7 0.9375 0.47115384615384615 0.09495192307692307 0.11538461538461539
7 0.8978365384615384 0.16105769230769232 0.13221153846153846 0.10576923076923077
7 0.6730769230769231 0.35216346153846156 0.1971153846153846 0.14182692307692307
7 0.6538461538461539 0.23317307692307693 0.14903846153846154 0.10697115384615384
7 0.8461538461538461 0.07451923076923077 0.078125 0.04447115384615385