6 0.4951923076923077 0.1658653846153846 0.25 0.3317307692307692
6 0.2536057692307692 0.23798076923076922 0.23317307692307693 0.43149038461538464
6 0.11899038461538461 0.05889423076923077 0.18028846153846154 0.11778846153846154
6 0.10336538461538461 0.4855769230769231 0.20673076923076922 0.40865384615384615
6 0.07451923076923077 0.23317307692307693 0.14423076923076922 0.2848557692307692
6 0.31971153846153844 0.7067307692307693 0.20673076923076922 0.3173076923076923
6 0.24759615384615385 0.7235576923076923 0.171875 0.4074519230769231
6 0.4639423076923077 0.8798076923076923 0.1875 0.234375
6 0.6790865384615384 0.20432692307692307 0.23317307692307693 0.3425480769230769
6 0.8846153846153846 0.23918269230769232 0.21634615384615385 0.46875
6 0.8701923076923077 0.7764423076923077 0.21514423076923078 0.42908653846153844
6 0.5865384615384616 0.49038461538461536 0.22596153846153846 0.3798076923076923
6 0.6418269230769231 0.9326923076923077 0.20793269230769232 0.1310096153846154
6 0.6766826923076923 0.6862980769230769 0.12259615384615384 0.15144230769230768
6 0.5721153846153846 0.7512019230769231 0.09735576923076923 0.1466346153846154
6 0.46153846153846156 0.6045673076923077 0.15504807692307693 0.24278846153846154