11 0.8557692307692307 0.16706730769230768 0.18269230769230768 0.24759615384615385
11 0.9182692307692307 0.4110576923076923 0.1622596153846154 0.17908653846153846
11 0.8798076923076923 0.38461538461538464 0.140625 0.078125
11 0.6598557692307693 0.6081730769230769 0.21394230769230768 0.3786057692307692
11 0.7572115384615384 0.8737980769230769 0.19831730769230768 0.21394230769230768
11 0.10336538461538461 0.8197115384615384 0.19110576923076922 0.24879807692307693
11 0.4230769230769231 0.8725961538461539 0.21995192307692307 0.20793269230769232
11 0.34375 0.9086538461538461 0.22115384615384615 0.14783653846153846
11 0.453125 0.7259615384615384 0.2620192307692308 0.20552884615384615
11 0.5552884615384616 0.7956730769230769 0.10697115384615384 0.11538461538461539
11 0.23557692307692307 0.546875 0.2127403846153846 0.23317307692307693
11 0.30288461538461536 0.49278846153846156 0.23677884615384615 0.23677884615384615
11 0.30288461538461536 0.27403846153846156 0.15745192307692307 0.15985576923076922
11 0.3557692307692308 0.1778846153846154 0.2608173076923077 0.328125
11 0.5769230769230769 0.1778846153846154 0.19831730769230768 0.17307692307692307
11 0.5168269230769231 0.34375 0.16826923076923078 0.18269230769230768
11 0.6334134615384616 0.421875 0.18509615384615385 0.18028846153846154
11 0.11057692307692307 0.055288461538461536 0.2127403846153846 0.09495192307692307