6 0.46875 0.2764423076923077 0.26322115384615385 0.21514423076923078
6 0.5961538461538461 0.4519230769230769 0.2403846153846154 0.2403846153846154
6 0.25961538461538464 0.4735576923076923 0.3701923076923077 0.3161057692307692
6 0.14182692307692307 0.5865384615384616 0.2644230769230769 0.20552884615384615
6 0.6995192307692307 0.6153846153846154 0.2608173076923077 0.18389423076923078
6 0.5240384615384616 0.6971153846153846 0.29447115384615385 0.21754807692307693
6 0.03485576923076923 0.7403846153846154 0.06971153846153846 0.12379807692307693
6 0.1778846153846154 0.7475961538461539 0.2403846153846154 0.21634615384615385
6 0.6634615384615384 0.8774038461538461 0.296875 0.20552884615384615
6 0.1201923076923077 0.9230769230769231 0.2247596153846154 0.13581730769230768
6 0.08173076923076923 0.12740384615384615 0.15384615384615385 0.24519230769230768
6 0.2283653846153846 0.17067307692307693 0.15745192307692307 0.1622596153846154
6 0.8125 0.19110576923076922 0.3545673076923077 0.25240384615384615