5 0.3918269230769231 0.27403846153846156 0.06610576923076923 0.078125
5 0.47596153846153844 0.37259615384615385 0.051682692307692304 0.057692307692307696
5 0.3173076923076923 0.4026442307692308 0.04326923076923077 0.055288461538461536
5 0.13942307692307693 0.4567307692307692 0.037259615384615384 0.05889423076923077
5 0.8028846153846154 0.4579326923076923 0.046875 0.07451923076923077
5 0.036057692307692304 0.515625 0.03485576923076923 0.040865384615384616
5 0.2644230769230769 0.5336538461538461 0.04927884615384615 0.06610576923076923
5 0.5192307692307693 0.5769230769230769 0.038461538461538464 0.037259615384615384
5 0.11057692307692307 0.5793269230769231 0.06129807692307692 0.09495192307692307
5 0.45913461538461536 0.6418269230769231 0.057692307692307696 0.08052884615384616
5 0.3269230769230769 0.6730769230769231 0.039663461538461536 0.051682692307692304
5 0.6754807692307693 0.7259615384615384 0.42427884615384615 0.5036057692307693
5 0.32211538461538464 0.7716346153846154 0.042067307692307696 0.05889423076923077
5 0.41225961538461536 0.18990384615384615 0.07932692307692307 0.08052884615384616
5 0.17067307692307693 0.23076923076923078 0.09735576923076923 0.10576923076923077