1 0.3894230769230769 0.3870192307692308 0.3473557692307692 0.19230769230769232
1 0.04447115384615385 0.17908653846153846 0.0889423076923077 0.14182692307692307
1 0.4206730769230769 0.10336538461538461 0.09254807692307693 0.15264423076923078
1 0.5649038461538461 0.13942307692307693 0.10697115384615384 0.1935096153846154
1 0.5985576923076923 0.054086538461538464 0.078125 0.06971153846153846
1 0.671875 0.18990384615384615 0.07932692307692307 0.06850961538461539
1 0.7439903846153846 0.1141826923076923 0.09375 0.18509615384615385
1 0.8076923076923077 0.23076923076923078 0.11177884615384616 0.15384615384615385
1 0.8701923076923077 0.2920673076923077 0.06850961538461539 0.07932692307692307
1 0.7644230769230769 0.34375 0.11177884615384616 0.21033653846153846
1 0.6610576923076923 0.4723557692307692 0.08173076923076923 0.17548076923076922
1 0.7307692307692307 0.43028846153846156 0.12860576923076922 0.1310096153846154
1 0.7608173076923077 0.5709134615384616 0.15144230769230768 0.15144230769230768
1 0.9158653846153846 0.6502403846153846 0.13581730769230768 0.46875
1 0.8605769230769231 0.796875 0.07572115384615384 0.0889423076923077
1 0.9819711538461539 0.6346153846153846 0.036057692307692304 0.21153846153846154