5 0.46153846153846156 0.46634615384615385 0.6430288461538461 0.8161057692307693
10 0.6646634615384616 0.9086538461538461 0.055288461538461536 0.04326923076923077
10 0.7331730769230769 0.8870192307692307 0.018028846153846152 0.042067307692307696
10 0.6995192307692307 0.8485576923076923 0.04807692307692308 0.02403846153846154
10 0.7596153846153846 0.609375 0.020432692307692308 0.021634615384615384
10 0.7908653846153846 0.6538461538461539 0.038461538461538464 0.03365384615384615
10 0.7524038461538461 0.6418269230769231 0.03485576923076923 0.020432692307692308
10 0.7620192307692307 0.6634615384615384 0.03485576923076923 0.02403846153846154
10 0.7427884615384616 0.7079326923076923 0.03365384615384615 0.021634615384615384
10 0.7355769230769231 0.7451923076923077 0.03365384615384615 0.019230769230769232
10 0.7680288461538461 0.7463942307692307 0.026442307692307692 0.026442307692307692
10 0.7980769230769231 0.7716346153846154 0.03245192307692308 0.04807692307692308
10 0.7355769230769231 0.7692307692307693 0.056490384615384616 0.028846153846153848
10 0.7079326923076923 0.8004807692307693 0.03125 0.02283653846153846