6 0.5288461538461539 0.13701923076923078 0.20072115384615385 0.26322115384615385
6 0.3173076923076923 0.21153846153846154 0.2548076923076923 0.4026442307692308
6 0.23076923076923078 0.4735576923076923 0.23557692307692307 0.28846153846153844
6 0.16105769230769232 0.7524038461538461 0.2548076923076923 0.4519230769230769
6 0.4050480769230769 0.8966346153846154 0.14182692307692307 0.16947115384615385
6 0.5480769230769231 0.8605769230769231 0.296875 0.27884615384615385
6 0.8149038461538461 0.7223557692307693 0.20673076923076922 0.35336538461538464
6 0.9170673076923077 0.8064903846153846 0.15144230769230768 0.38221153846153844
6 0.75 0.390625 0.3161057692307692 0.46875
6 0.5324519230769231 0.13701923076923078 0.21394230769230768 0.2692307692307692
6 0.47596153846153844 0.65625 0.19591346153846154 0.22956730769230768
6 0.48677884615384615 0.47475961538461536 0.16105769230769232 0.3389423076923077
6 0.5865384615384616 0.4110576923076923 0.16706730769230768 0.3076923076923077