6 0.4735576923076923 0.40865384615384615 0.2920673076923077 0.375
6 0.2403846153846154 0.21153846153846154 0.1141826923076923 0.12980769230769232
6 0.515625 0.1310096153846154 0.055288461538461536 0.06971153846153846
6 0.5576923076923077 0.109375 0.042067307692307696 0.055288461538461536
6 0.6105769230769231 0.1466346153846154 0.0625 0.051682692307692304
6 0.640625 0.08173076923076923 0.0985576923076923 0.057692307692307696
6 0.7355769230769231 0.5805288461538461 0.22235576923076922 0.2860576923076923
6 0.8173076923076923 0.3701923076923077 0.1045673076923077 0.13581730769230768
6 0.9134615384615384 0.28365384615384615 0.09254807692307693 0.08173076923076923
6 0.9158653846153846 0.20072115384615385 0.09495192307692307 0.07932692307692307
6 0.9591346153846154 0.7776442307692307 0.08173076923076923 0.07451923076923077
6 0.765625 0.8016826923076923 0.0889423076923077 0.06009615384615385
6 0.9783653846153846 0.27884615384615385 0.04326923076923077 0.09134615384615384