1 0.19230769230769232 0.3798076923076923 0.30408653846153844 0.3701923076923077
1 0.7644230769230769 0.04567307692307692 0.11057692307692307 0.07091346153846154
1 0.8293269230769231 0.5204326923076923 0.0733173076923077 0.2956730769230769
1 0.9603365384615384 0.5252403846153846 0.055288461538461536 0.17548076923076922
1 0.9278846153846154 0.5408653846153846 0.09134615384615384 0.2439903846153846
1 0.7620192307692307 0.5925480769230769 0.057692307692307696 0.08413461538461539
1 0.6346153846153846 0.6057692307692307 0.1502403846153846 0.5276442307692307
1 0.32211538461538464 0.609375 0.265625 0.1466346153846154
1 0.5072115384615384 0.7475961538461539 0.12139423076923077 0.19831730769230768
1 0.09615384615384616 0.765625 0.18629807692307693 0.31490384615384615
1 0.34615384615384615 0.7668269230769231 0.17427884615384615 0.2704326923076923
1 0.8545673076923077 0.8509615384615384 0.10817307692307693 0.06850961538461539
1 0.45913461538461536 0.9170673076923077 0.17427884615384615 0.13221153846153846
1 0.6850961538461539 0.9230769230769231 0.140625 0.14543269230769232
1 0.7271634615384616 0.0985576923076923 0.12259615384615384 0.13581730769230768
1 0.6033653846153846 0.1201923076923077 0.11177884615384616 0.14783653846153846
1 0.9182692307692307 0.15625 0.11177884615384616 0.10216346153846154
1 0.8185096153846154 0.18269230769230768 0.11778846153846154 0.11899038461538461
1 0.6490384615384616 0.02283653846153846 0.04447115384615385 0.040865384615384616
1 0.7283653846153846 0.2403846153846154 0.09014423076923077 0.10576923076923077
1 0.6706730769230769 0.2644230769230769 0.10697115384615384 0.15264423076923078