2 0.21995192307692307 0.3125 0.2091346153846154 0.27403846153846156
2 0.39903846153846156 0.31971153846153844 0.19831730769230768 0.2548076923076923
2 0.039663461538461536 0.4951923076923077 0.07451923076923077 0.109375
2 0.5360576923076923 0.5504807692307693 0.140625 0.1875
2 0.6177884615384616 0.5913461538461539 0.125 0.056490384615384616
2 0.6670673076923077 0.6274038461538461 0.12740384615384615 0.09615384615384616
2 0.31490384615384615 0.7067307692307693 0.11899038461538461 0.14302884615384615
2 0.1778846153846154 0.8221153846153846 0.12980769230769232 0.13822115384615385
2 0.3004807692307692 0.8317307692307693 0.14903846153846154 0.14543269230769232
2 0.5600961538461539 0.9423076923076923 0.1141826923076923 0.11057692307692307
2 0.3629807692307692 0.9519230769230769 0.1310096153846154 0.08774038461538461
2 0.2548076923076923 0.9543269230769231 0.08653846153846154 0.07211538461538461
2 0.46634615384615385 0.9567307692307693 0.06370192307692307 0.06850961538461539
2 0.13581730769230768 0.9591346153846154 0.13701923076923078 0.08052884615384616
2 0.4543269230769231 0.09735576923076923 0.18389423076923078 0.19471153846153846
2 0.6826923076923077 0.9663461538461539 0.13822115384615385 0.0625
2 0.18870192307692307 0.1045673076923077 0.18990384615384615 0.19471153846153846
2 0.31971153846153844 0.11298076923076923 0.1346153846153846 0.1971153846153846