8 0.7788461538461539 0.25721153846153844 0.15384615384615385 0.21754807692307693
8 0.7692307692307693 0.49399038461538464 0.12139423076923077 0.18990384615384615
8 0.43028846153846156 0.28846153846153844 0.11057692307692307 0.1502403846153846
8 0.5216346153846154 0.4375 0.13581730769230768 0.16947115384615385
8 0.5961538461538461 0.6658653846153846 0.12620192307692307 0.28725961538461536
8 0.5480769230769231 0.9038461538461539 0.10576923076923077 0.12379807692307693
8 0.3173076923076923 0.7235576923076923 0.10096153846153846 0.12379807692307693
8 0.36538461538461536 0.3870192307692308 0.06850961538461539 0.14903846153846154
8 0.09975961538461539 0.4807692307692308 0.07451923076923077 0.11658653846153846
8 0.10576923076923077 0.6995192307692307 0.09014423076923077 0.1935096153846154
8 0.07211538461538461 0.84375 0.054086538461538464 0.039663461538461536
8 0.7211538461538461 0.9747596153846154 0.09495192307692307 0.04567307692307692
8 0.8701923076923077 0.9711538461538461 0.10216346153846154 0.052884615384615384