11 0.2283653846153846 0.3894230769230769 0.11899038461538461 0.27283653846153844
11 0.07091346153846154 0.17067307692307693 0.14182692307692307 0.3173076923076923
11 0.4326923076923077 0.27884615384615385 0.24879807692307693 0.3173076923076923
11 0.05048076923076923 0.5324519230769231 0.10096153846153846 0.17067307692307693
11 0.12980769230769232 0.5576923076923077 0.11057692307692307 0.1875
11 0.06009615384615385 0.7163461538461539 0.10697115384615384 0.16947115384615385
11 0.43509615384615385 0.8930288461538461 0.15745192307692307 0.19471153846153846
11 0.2764423076923077 0.9122596153846154 0.11057692307692307 0.17067307692307693
11 0.5012019230769231 0.5384615384615384 0.27163461538461536 0.23197115384615385
11 0.6177884615384616 0.46634615384615385 0.203125 0.25600961538461536
11 0.8076923076923077 0.5600961538461539 0.3401442307692308 0.6790865384615384
11 0.8173076923076923 0.25 0.19230769230769232 0.21754807692307693
11 0.3389423076923077 0.15384615384615385 0.1778846153846154 0.2247596153846154
11 0.15865384615384615 0.15144230769230768 0.09254807692307693 0.18389423076923078