5 0.7091346153846154 0.7163461538461539 0.12139423076923077 0.140625
5 0.2620192307692308 0.6069711538461539 0.2403846153846154 0.31971153846153844
5 0.07091346153846154 0.06971153846153846 0.13701923076923078 0.12139423076923077
5 0.5973557692307693 0.6490384615384616 0.10817307692307693 0.1502403846153846
5 0.9399038461538461 0.7091346153846154 0.10576923076923077 0.11538461538461539
5 0.6045673076923077 0.3125 0.0985576923076923 0.109375
5 0.7355769230769231 0.21153846153846154 0.09495192307692307 0.08533653846153846
5 0.052884615384615384 0.7163461538461539 0.09735576923076923 0.18629807692307693
5 0.11057692307692307 0.6418269230769231 0.0673076923076923 0.12139423076923077
5 0.1201923076923077 0.4675480769230769 0.08533653846153846 0.09375
5 0.21634615384615385 0.22115384615384615 0.1141826923076923 0.1622596153846154
5 0.47115384615384615 0.6658653846153846 0.057692307692307696 0.07091346153846154
5 0.6274038461538461 0.9086538461538461 0.13581730769230768 0.171875
5 0.4375 0.8473557692307693 0.05889423076923077 0.07932692307692307
5 0.5216346153846154 0.8653846153846154 0.054086538461538464 0.07211538461538461
5 0.5504807692307693 0.8293269230769231 0.07091346153846154 0.07091346153846154
5 0.8870192307692307 0.9182692307692307 0.06370192307692307 0.07211538461538461
5 0.27403846153846156 0.07451923076923077 0.057692307692307696 0.10096153846153846
5 0.09615384615384616 0.9543269230769231 0.06850961538461539 0.078125
5 0.3161057692307692 0.9050480769230769 0.05048076923076923 0.06009615384615385
5 0.5288461538461539 0.7379807692307693 0.02403846153846154 0.03245192307692308
5 0.17067307692307693 0.9423076923076923 0.03245192307692308 0.052884615384615384
5 0.14182692307692307 0.5600961538461539 0.04807692307692308 0.052884615384615384
5 0.12379807692307693 0.3701923076923077 0.07932692307692307 0.08052884615384616
5 0.3894230769230769 0.109375 0.06610576923076923 0.055288461538461536
5 0.6201923076923077 0.7524038461538461 0.054086538461538464 0.07211538461538461
5 0.8233173076923077 0.9831730769230769 0.03125 0.025240384615384616
5 0.9567307692307693 0.9615384615384616 0.08533653846153846 0.06370192307692307
5 0.3918269230769231 0.7067307692307693 0.04927884615384615 0.052884615384615384
5 0.7740384615384616 0.5877403846153846 0.025240384615384616 0.03125
5 0.8629807692307693 0.6370192307692307 0.030048076923076924 0.03365384615384615
5 0.7211538461538461 0.11298076923076923 0.09134615384615384 0.07692307692307693
5 0.6358173076923077 0.07451923076923077 0.15144230769230768 0.140625
5 0.9086538461538461 0.2548076923076923 0.09014423076923077 0.039663461538461536
5 0.9302884615384616 0.4567307692307692 0.08653846153846154 0.03365384615384615
5 0.9399038461538461 0.49158653846153844 0.09134615384615384 0.026442307692307692
5 0.9435096153846154 0.5288461538461539 0.0985576923076923 0.027644230769230768
5 0.47475961538461536 0.5444711538461539 0.04567307692307692 0.036057692307692304
5 0.4735576923076923 0.5120192307692307 0.04326923076923077 0.027644230769230768
5 0.47115384615384615 0.46274038461538464 0.042067307692307696 0.03125
5 0.46274038461538464 0.42788461538461536 0.04567307692307692 0.028846153846153848
5 0.48677884615384615 0.5913461538461539 0.036057692307692304 0.02283653846153846
5 0.6153846153846154 0.4375 0.04807692307692308 0.028846153846153848
5 0.6117788461538461 0.46153846153846156 0.055288461538461536 0.030048076923076924
5 0.6129807692307693 0.5072115384615384 0.05889423076923077 0.03485576923076923
5 0.6081730769230769 0.5396634615384616 0.052884615384615384 0.016826923076923076
5 0.7692307692307693 0.5480769230769231 0.06129807692307692 0.018028846153846152
5 0.13942307692307693 0.8137019230769231 0.013221153846153846 0.016826923076923076
5 0.7283653846153846 0.9855769230769231 0.03245192307692308 0.020432692307692308
5 0.7355769230769231 0.8389423076923077 0.02283653846153846 0.02283653846153846
5 0.7475961538461539 0.8052884615384616 0.020432692307692308 0.03365384615384615
5 0.39663461538461536 0.8413461538461539 0.028846153846153848 0.038461538461538464
5 0.78125 0.6706730769230769 0.046875 0.06129807692307692