6 0.9399038461538461 0.21153846153846154 0.1201923076923077 0.1502403846153846
6 0.33413461538461536 0.21634615384615385 0.25841346153846156 0.12860576923076922
6 0.6826923076923077 0.27283653846153844 0.36899038461538464 0.20432692307692307
6 0.29086538461538464 0.43509615384615385 0.27524038461538464 0.23677884615384615
6 0.48677884615384615 0.4375 0.29086538461538464 0.19591346153846154
6 0.8149038461538461 0.44591346153846156 0.34975961538461536 0.21394230769230768
6 0.0985576923076923 0.49278846153846156 0.18870192307692307 0.21995192307692307
6 0.2439903846153846 0.6105769230769231 0.1466346153846154 0.11057692307692307
6 0.39903846153846156 0.6370192307692307 0.13942307692307693 0.10697115384615384
6 0.9038461538461539 0.6430288461538461 0.19230769230769232 0.18028846153846154
6 0.875 0.6538461538461539 0.20192307692307693 0.21634615384615385
6 0.5432692307692307 0.6658653846153846 0.1971153846153846 0.10576923076923077
6 0.7115384615384616 0.7175480769230769 0.15264423076923078 0.10817307692307693
6 0.46153846153846156 0.75 0.23918269230769232 0.12620192307692307
6 0.7884615384615384 0.7716346153846154 0.12860576923076922 0.08653846153846154
6 0.19471153846153846 0.7752403846153846 0.14543269230769232 0.12740384615384615
6 0.9483173076923077 0.8341346153846154 0.10336538461538461 0.15384615384615385
6 0.6430288461538461 0.8449519230769231 0.31009615384615385 0.14182692307692307
6 0.3737980769230769 0.8665865384615384 0.19471153846153846 0.11778846153846154
6 0.48197115384615385 0.08653846153846154 0.2860576923076923 0.16466346153846154
6 0.42788461538461536 0.9350961538461539 0.19591346153846154 0.10096153846153846
6 0.6141826923076923 0.9495192307692307 0.1466346153846154 0.09254807692307693
6 0.10576923076923077 0.1466346153846154 0.1935096153846154 0.17427884615384615