6 0.2956730769230769 0.12980769230769232 0.25961538461538464 0.22956730769230768
6 0.08653846153846154 0.4254807692307692 0.16947115384615385 0.07692307692307693
6 0.06610576923076923 0.13701923076923078 0.13221153846153846 0.2548076923076923
6 0.15384615384615385 0.016826923076923076 0.15745192307692307 0.03365384615384615
6 0.4387019230769231 0.23076923076923078 0.20432692307692307 0.18870192307692307
6 0.6117788461538461 0.1466346153846154 0.11298076923076923 0.09014423076923077
6 0.5841346153846154 0.24278846153846154 0.09975961538461539 0.08653846153846154
6 0.5865384615384616 0.33774038461538464 0.11057692307692307 0.0985576923076923
6 0.4110576923076923 0.4879807692307692 0.13341346153846154 0.08533653846153846
6 0.6790865384615384 0.6634615384615384 0.3870192307692308 0.40865384615384615
6 0.90625 0.7716346153846154 0.18629807692307693 0.2692307692307692
6 0.8786057692307693 0.9519230769230769 0.13701923076923078 0.09254807692307693
6 0.5276442307692307 0.5480769230769231 0.25721153846153844 0.14423076923076922