11 0.7379807692307693 0.31850961538461536 0.11177884615384616 0.12740384615384615
11 0.1466346153846154 0.4375 0.046875 0.08653846153846154
11 0.7560096153846154 0.43990384615384615 0.07451923076923077 0.08774038461538461
11 0.9639423076923077 0.49759615384615385 0.06850961538461539 0.11658653846153846
11 0.7463942307692307 0.5456730769230769 0.11298076923076923 0.16346153846153846
11 0.8365384615384616 0.5685096153846154 0.125 0.06971153846153846
11 0.41947115384615385 0.5865384615384616 0.5504807692307693 0.7800480769230769
11 0.0625 0.07692307692307693 0.04927884615384615 0.15384615384615385
11 0.9543269230769231 0.7980769230769231 0.08052884615384616 0.21754807692307693
11 0.6730769230769231 0.8389423076923077 0.09254807692307693 0.11538461538461539
11 0.8353365384615384 0.09134615384615384 0.0985576923076923 0.16706730769230768
11 0.8930288461538461 0.8966346153846154 0.06490384615384616 0.19230769230769232
11 0.078125 0.9495192307692307 0.12259615384615384 0.08173076923076923
11 0.7716346153846154 0.9663461538461539 0.14903846153846154 0.06129807692307692
11 0.7379807692307693 0.12980769230769232 0.17908653846153846 0.234375
11 0.5096153846153846 0.14182692307692307 0.11658653846153846 0.16947115384615385
11 0.9663461538461539 0.15264423076923078 0.0625 0.2620192307692308
11 0.24278846153846154 0.2548076923076923 0.038461538461538464 0.07572115384615384